2 1 251 789 385 1078 -1 -1 -1 -1 
2 2 1648 114 1718 281 -1 -1 -1 -1 
2 3 1570 912 1720 1077 -1 -1 -1 -1 
2 4 796 241 858 417 -1 -1 -1 -1 
2 5 1159 0 1193 73 -1 -1 -1 -1 
2 6 1797 188 1869 357 -1 -1 -1 -1 
2 7 1605 608 1713 868 -1 -1 -1 -1 
2 8 872 385 982 611 -1 -1 -1 -1 
2 9 290 285 372 474 -1 -1 -1 -1 
2 10 880 73 941 231 -1 -1 -1 -1 
2 11 717 227 794 416 -1 -1 -1 -1 
2 12 982 0 1036 125 -1 -1 -1 -1 
2 13 1452 34 1539 189 -1 -1 -1 -1 
2 14 1347 17 1404 139 -1 -1 -1 -1 
2 15 617 1008 746 1079 -1 -1 -1 -1 
2 16 110 288 171 423 -1 -1 -1 -1 
3 1 240 790 372 1078 -1 -1 -1 -1 
3 2 1648 114 1718 281 -1 -1 -1 -1 
3 3 1573 917 1717 1076 -1 -1 -1 -1 
3 4 799 239 862 417 -1 -1 -1 -1 
3 5 1159 0 1192 73 -1 -1 -1 -1 
3 6 1799 184 1870 351 -1 -1 -1 -1 
3 7 1605 611 1710 864 -1 -1 -1 -1 
3 8 870 391 976 610 -1 -1 -1 -1 
3 9 280 258 376 479 -1 -1 -1 -1 
3 10 881 71 943 230 -1 -1 -1 -1 
3 11 720 229 795 411 -1 -1 -1 -1 
3 12 983 0 1037 124 -1 -1 -1 -1 
3 13 1452 33 1539 189 -1 -1 -1 -1 
3 14 1349 14 1406 137 -1 -1 -1 -1 
3 15 618 1002 754 1079 -1 -1 -1 -1 
3 16 110 288 171 423 -1 -1 -1 -1 
4 1 231 791 362 1077 -1 -1 -1 -1 
4 2 1646 114 1716 281 -1 -1 -1 -1 
4 3 1577 919 1720 1075 -1 -1 -1 -1 
4 4 803 238 865 414 -1 -1 -1 -1 
4 5 1158 0 1192 73 -1 -1 -1 -1 
4 6 1802 182 1872 346 -1 -1 -1 -1 
4 7 1604 615 1709 864 -1 -1 -1 -1 
4 8 862 391 973 618 -1 -1 -1 -1 
4 9 276 255 375 485 -1 -1 -1 -1 
4 10 883 70 944 227 -1 -1 -1 -1 
4 11 725 223 801 408 -1 -1 -1 -1 
4 12 984 0 1038 123 -1 -1 -1 -1 
4 13 1453 33 1538 187 -1 -1 -1 -1 
4 14 1352 13 1408 132 -1 -1 -1 -1 
4 15 622 998 763 1078 -1 -1 -1 -1 
4 16 110 288 171 423 -1 -1 -1 -1 
5 1 223 799 348 1073 -1 -1 -1 -1 
5 2 1646 113 1715 281 -1 -1 -1 -1 
5 3 1582 924 1721 1075 -1 -1 -1 -1 
5 4 806 239 869 415 -1 -1 -1 -1 
5 5 1157 0 1192 74 -1 -1 -1 -1 
5 6 1802 181 1872 342 -1 -1 -1 -1 
5 7 1602 614 1707 865 -1 -1 -1 -1 
5 8 857 392 971 626 -1 -1 -1 -1 
5 9 266 242 371 487 -1 -1 -1 -1 
5 10 883 72 943 227 -1 -1 -1 -1 
5 11 724 219 803 410 -1 -1 -1 -1 
5 12 985 0 1039 122 -1 -1 -1 -1 
5 13 1454 35 1540 187 -1 -1 -1 -1 
5 14 1357 12 1413 132 -1 -1 -1 -1 
5 15 625 993 771 1075 -1 -1 -1 -1 
5 16 110 288 171 423 -1 -1 -1 -1 
6 1 217 809 338 1074 -1 -1 -1 -1 
6 2 1645 111 1716 281 -1 -1 -1 -1 
6 3 1586 924 1726 1076 -1 -1 -1 -1 
6 4 810 238 873 415 -1 -1 -1 -1 
6 5 1156 0 1191 75 -1 -1 -1 -1 
6 6 1803 180 1874 343 -1 -1 -1 -1 
6 7 1603 617 1708 868 -1 -1 -1 -1 
6 8 852 394 967 631 -1 -1 -1 -1 
6 9 263 272 358 491 -1 -1 -1 -1 
6 10 886 72 946 227 -1 -1 -1 -1 
6 11 725 217 804 411 -1 -1 -1 -1 
6 12 987 0 1040 121 -1 -1 -1 -1 
6 13 1455 35 1540 187 -1 -1 -1 -1 
6 14 1359 11 1415 131 -1 -1 -1 -1 
6 15 628 987 786 1077 -1 -1 -1 -1 
6 16 110 288 171 423 -1 -1 -1 -1 
6 17 1327 1 1354 44 -1 -1 -1 -1 
7 1 211 813 329 1074 -1 -1 -1 -1 
7 2 1645 111 1715 281 -1 -1 -1 -1 
7 3 1588 926 1729 1077 -1 -1 -1 -1 
7 4 816 234 880 413 -1 -1 -1 -1 
7 5 1155 0 1190 74 -1 -1 -1 -1 
7 6 1805 179 1876 343 -1 -1 -1 -1 
7 7 1603 621 1710 875 -1 -1 -1 -1 
7 8 847 399 960 635 -1 -1 -1 -1 
7 9 262 291 350 494 -1 -1 -1 -1 
7 10 889 73 947 226 -1 -1 -1 -1 
7 11 729 218 806 406 -1 -1 -1 -1 
7 12 988 0 1042 120 -1 -1 -1 -1 
7 13 1457 34 1542 185 -1 -1 -1 -1 
7 14 1366 8 1423 129 -1 -1 -1 -1 
7 15 627 981 796 1079 -1 -1 -1 -1 
7 16 110 288 171 423 -1 -1 -1 -1 
7 17 1327 1 1354 43 -1 -1 -1 -1 
8 1 206 822 320 1073 -1 -1 -1 -1 
8 2 1645 108 1716 280 -1 -1 -1 -1 
8 3 1592 931 1729 1076 -1 -1 -1 -1 
8 4 818 235 883 413 -1 -1 -1 -1 
8 5 1153 0 1189 75 -1 -1 -1 -1 
8 6 1807 176 1879 343 -1 -1 -1 -1 
8 7 1602 625 1712 885 -1 -1 -1 -1 
8 8 843 403 955 636 -1 -1 -1 -1 
8 9 259 303 343 494 -1 -1 -1 -1 
8 10 891 72 949 224 -1 -1 -1 -1 
8 11 731 218 808 405 -1 -1 -1 -1 
8 12 991 0 1044 119 -1 -1 -1 -1 
8 13 1457 31 1543 184 -1 -1 -1 -1 
8 14 1371 8 1428 130 -1 -1 -1 -1 
8 15 630 975 807 1078 -1 -1 -1 -1 
8 16 110 288 170 423 -1 -1 -1 -1 
8 17 1328 1 1354 42 -1 -1 -1 -1 
8 18 309 230 378 411 -1 -1 -1 -1 
9 1 202 829 313 1075 -1 -1 -1 -1 
9 2 1646 108 1715 276 -1 -1 -1 -1 
9 3 1591 932 1728 1077 -1 -1 -1 -1 
9 4 820 235 885 417 -1 -1 -1 -1 
9 5 1152 0 1188 75 -1 -1 -1 -1 
9 6 1806 174 1880 343 -1 -1 -1 -1 
9 7 1604 631 1714 888 -1 -1 -1 -1 
9 8 837 407 949 641 -1 -1 -1 -1 
9 9 253 310 335 495 -1 -1 -1 -1 
9 10 893 70 953 225 -1 -1 -1 -1 
9 11 733 218 809 405 -1 -1 -1 -1 
9 12 993 0 1047 118 -1 -1 -1 -1 
9 13 1459 31 1544 184 -1 -1 -1 -1 
9 14 1376 8 1432 129 -1 -1 -1 -1 
9 15 636 970 817 1078 -1 -1 -1 -1 
9 16 109 287 171 423 -1 -1 -1 -1 
9 17 1328 1 1354 42 -1 -1 -1 -1 
9 18 311 228 379 408 -1 -1 -1 -1 
10 1 200 837 308 1077 -1 -1 -1 -1 
10 2 1646 105 1715 274 -1 -1 -1 -1 
10 3 1594 935 1729 1077 -1 -1 -1 -1 
10 4 823 235 888 415 -1 -1 -1 -1 
10 5 1150 0 1187 76 -1 -1 -1 -1 
10 6 1806 171 1881 340 -1 -1 -1 -1 
10 7 1605 636 1714 890 -1 -1 -1 -1 
10 8 834 409 945 641 -1 -1 -1 -1 
10 9 240 303 325 496 -1 -1 -1 -1 
10 10 896 69 956 225 -1 -1 -1 -1 
10 11 737 219 813 404 -1 -1 -1 -1 
10 12 996 0 1049 118 -1 -1 -1 -1 
10 13 1461 30 1545 180 -1 -1 -1 -1 
10 14 1380 6 1433 121 -1 -1 -1 -1 
10 15 639 965 825 1078 -1 -1 -1 -1 
10 16 109 287 171 423 -1 -1 -1 -1 
10 18 315 224 385 408 -1 -1 -1 -1 
11 1 199 840 307 1077 -1 -1 -1 -1 
11 2 1646 104 1715 273 -1 -1 -1 -1 
11 4 824 235 888 415 -1 -1 -1 -1 
11 5 1149 0 1187 77 -1 -1 -1 -1 
11 6 1806 170 1881 339 -1 -1 -1 -1 
11 7 1605 638 1715 891 -1 -1 -1 -1 
11 8 834 409 944 641 -1 -1 -1 -1 
11 9 235 299 322 496 -1 -1 -1 -1 
11 10 897 69 957 225 -1 -1 -1 -1 
11 11 738 220 813 404 -1 -1 -1 -1 
11 12 996 0 1049 118 -1 -1 -1 -1 
11 13 1461 29 1545 179 -1 -1 -1 -1 
11 14 1382 5 1434 118 -1 -1 -1 -1 
11 15 641 963 827 1078 -1 -1 -1 -1 
11 16 109 287 171 424 -1 -1 -1 -1 
11 18 315 223 386 409 -1 -1 -1 -1 
12 1 195 844 301 1075 -1 -1 -1 -1 
12 2 1646 103 1715 273 -1 -1 -1 -1 
12 4 828 232 892 411 -1 -1 -1 -1 
12 5 1148 0 1186 77 -1 -1 -1 -1 
12 6 1806 168 1880 335 -1 -1 -1 -1 
12 7 1606 640 1716 894 -1 -1 -1 -1 
12 8 831 412 939 642 -1 -1 -1 -1 
12 9 235 317 313 495 -1 -1 -1 -1 
12 10 897 69 957 225 -1 -1 -1 -1 
12 11 741 219 816 402 -1 -1 -1 -1 
12 12 998 0 1051 118 -1 -1 -1 -1 
12 13 1462 29 1545 178 -1 -1 -1 -1 
12 14 1384 3 1437 118 -1 -1 -1 -1 
12 15 645 960 831 1078 -1 -1 -1 -1 
12 16 109 286 171 424 -1 -1 -1 -1 
12 18 318 216 392 410 -1 -1 -1 -1 
13 1 190 851 292 1075 -1 -1 -1 -1 
13 2 1647 103 1715 271 -1 -1 -1 -1 
13 4 832 230 895 406 -1 -1 -1 -1 
13 5 1147 0 1186 79 -1 -1 -1 -1 
13 6 1807 167 1881 331 -1 -1 -1 -1 
13 7 1607 645 1718 897 -1 -1 -1 -1 
13 8 828 417 935 642 -1 -1 -1 -1 
13 9 230 320 308 496 -1 -1 -1 -1 
13 10 900 69 958 222 -1 -1 -1 -1 
13 11 744 218 819 399 -1 -1 -1 -1 
13 12 1001 0 1053 117 -1 -1 -1 -1 
13 13 1463 29 1544 176 -1 -1 -1 -1 
13 14 1388 0 1442 117 -1 -1 -1 -1 
13 15 647 956 833 1076 -1 -1 -1 -1 
13 16 108 286 171 424 -1 -1 -1 -1 
13 18 319 187 404 412 -1 -1 -1 -1 
14 1 181 854 282 1075 -1 -1 -1 -1 
14 2 1647 102 1715 270 -1 -1 -1 -1 
14 4 836 229 897 405 -1 -1 -1 -1 
14 5 1146 0 1185 80 -1 -1 -1 -1 
14 6 1809 166 1880 323 -1 -1 -1 -1 
14 7 1611 649 1719 893 -1 -1 -1 -1 
14 8 824 418 930 642 -1 -1 -1 -1 
14 9 225 322 301 498 -1 -1 -1 -1 
14 10 901 66 960 222 -1 -1 -1 -1 
14 11 747 215 821 394 -1 -1 -1 -1 
14 12 1003 0 1054 116 -1 -1 -1 -1 
14 13 1462 28 1543 176 -1 -1 -1 -1 
14 14 1393 0 1446 115 -1 -1 -1 -1 
14 15 649 952 836 1076 -1 -1 -1 -1 
14 16 109 286 171 422 -1 -1 -1 -1 
14 18 321 184 408 412 -1 -1 -1 -1 
15 1 174 857 273 1074 -1 -1 -1 -1 
15 2 1646 101 1714 269 -1 -1 -1 -1 
15 4 839 228 900 402 -1 -1 -1 -1 
15 5 1144 0 1183 81 -1 -1 -1 -1 
15 6 1815 167 1883 316 -1 -1 -1 -1 
15 7 1612 654 1722 899 -1 -1 -1 -1 
15 8 822 422 926 642 -1 -1 -1 -1 
15 9 206 265 305 502 -1 -1 -1 -1 
15 10 903 67 963 224 -1 -1 -1 -1 
15 11 752 216 824 390 -1 -1 -1 -1 
15 12 1006 0 1056 115 -1 -1 -1 -1 
15 13 1463 27 1543 175 -1 -1 -1 -1 
15 14 1397 0 1450 116 -1 -1 -1 -1 
15 15 650 947 840 1077 -1 -1 -1 -1 
15 16 109 286 171 422 -1 -1 -1 -1 
15 18 327 198 406 408 -1 -1 -1 -1 
15 19 1773 613 1841 729 -1 -1 -1 -1 
16 1 166 861 264 1074 -1 -1 -1 -1 
16 2 1646 101 1713 268 -1 -1 -1 -1 
16 4 841 226 902 403 -1 -1 -1 -1 
16 5 1142 0 1181 81 -1 -1 -1 -1 
16 6 1821 168 1888 314 -1 -1 -1 -1 
16 7 1615 657 1725 899 -1 -1 -1 -1 
16 8 819 424 923 643 -1 -1 -1 -1 
16 9 207 289 296 504 -1 -1 -1 -1 
16 10 905 67 965 223 -1 -1 -1 -1 
16 11 754 213 826 390 -1 -1 -1 -1 
16 12 1008 0 1057 114 -1 -1 -1 -1 
16 13 1466 26 1545 173 -1 -1 -1 -1 
16 14 1402 1 1453 114 -1 -1 -1 -1 
16 15 654 941 848 1077 -1 -1 -1 -1 
16 16 109 286 171 422 -1 -1 -1 -1 
16 17 1328 0 1354 41 -1 -1 -1 -1 
16 18 333 218 406 407 -1 -1 -1 -1 
16 19 1771 614 1840 734 -1 -1 -1 -1 
17 1 160 866 256 1075 -1 -1 -1 -1 
17 2 1646 101 1713 267 -1 -1 -1 -1 
17 4 844 225 904 400 -1 -1 -1 -1 
17 5 1141 0 1181 81 -1 -1 -1 -1 
17 6 1825 167 1894 324 -1 -1 -1 -1 
17 7 1613 660 1726 907 -1 -1 -1 -1 
17 8 815 423 920 646 -1 -1 -1 -1 
17 9 207 308 289 507 -1 -1 -1 -1 
17 10 908 67 968 222 -1 -1 -1 -1 
17 11 756 210 828 389 -1 -1 -1 -1 
17 12 1010 0 1059 113 -1 -1 -1 -1 
17 13 1469 26 1546 171 -1 -1 -1 -1 
17 14 1406 2 1456 111 -1 -1 -1 -1 
17 15 659 935 856 1077 -1 -1 -1 -1 
17 16 109 286 171 422 -1 -1 -1 -1 
17 17 1328 0 1354 41 -1 -1 -1 -1 
17 18 339 231 408 407 -1 -1 -1 -1 
17 19 1768 615 1840 740 -1 -1 -1 -1 
18 1 154 872 249 1077 -1 -1 -1 -1 
18 2 1646 101 1713 268 -1 -1 -1 -1 
18 4 847 224 907 398 -1 -1 -1 -1 
18 5 1140 0 1181 82 -1 -1 -1 -1 
18 6 1828 166 1898 329 -1 -1 -1 -1 
18 7 1614 662 1729 912 -1 -1 -1 -1 
18 8 808 424 922 666 -1 -1 -1 -1 
18 9 203 311 285 512 -1 -1 -1 -1 
18 10 911 68 971 220 -1 -1 -1 -1 
18 11 759 207 831 387 -1 -1 -1 -1 
18 12 1010 0 1061 116 -1 -1 -1 -1 
18 13 1469 26 1546 171 -1 -1 -1 -1 
18 14 1410 2 1459 109 -1 -1 -1 -1 
18 15 663 929 862 1077 -1 -1 -1 -1 
18 16 108 286 171 423 -1 -1 -1 -1 
18 17 1329 0 1354 41 -1 -1 -1 -1 
18 18 344 241 409 406 -1 -1 -1 -1 
18 19 1766 616 1839 741 -1 -1 -1 -1 
19 1 148 880 242 1078 -1 -1 -1 -1 
19 2 1646 101 1713 267 -1 -1 -1 -1 
19 4 850 223 910 398 -1 -1 -1 -1 
19 5 1140 0 1180 82 -1 -1 -1 -1 
19 6 1830 165 1900 328 -1 -1 -1 -1 
19 7 1613 664 1733 923 -1 -1 -1 -1 
19 8 804 428 917 666 -1 -1 -1 -1 
19 9 199 307 282 513 -1 -1 -1 -1 
19 10 915 70 975 219 -1 -1 -1 -1 
19 11 764 206 834 385 -1 -1 -1 -1 
19 12 1012 0 1061 112 -1 -1 -1 -1 
19 13 1468 24 1546 172 -1 -1 -1 -1 
19 14 1415 2 1462 106 -1 -1 -1 -1 
19 15 668 926 865 1077 -1 -1 -1 -1 
19 16 109 287 170 422 -1 -1 -1 -1 
19 17 1330 0 1354 40 -1 -1 -1 -1 
19 18 339 183 424 403 -1 -1 -1 -1 
19 19 1765 617 1838 745 -1 -1 -1 -1 
20 1 140 887 233 1078 -1 -1 -1 -1 
20 2 1646 101 1713 266 -1 -1 -1 -1 
20 4 852 222 912 397 -1 -1 -1 -1 
20 5 1139 0 1179 84 -1 -1 -1 -1 
20 7 1614 669 1736 934 -1 -1 -1 -1 
20 8 801 432 912 667 -1 -1 -1 -1 
20 9 194 314 277 519 -1 -1 -1 -1 
20 10 920 70 979 216 -1 -1 -1 -1 
20 11 768 207 836 382 -1 -1 -1 -1 
20 12 1014 0 1062 110 -1 -1 -1 -1 
20 13 1468 23 1546 172 -1 -1 -1 -1 
20 14 1418 0 1466 105 -1 -1 -1 -1 
20 15 672 921 871 1079 -1 -1 -1 -1 
20 16 109 287 170 422 -1 -1 -1 -1 
20 17 1330 0 1354 40 -1 -1 -1 -1 
20 18 340 164 429 398 -1 -1 -1 -1 
20 19 1760 619 1837 754 -1 -1 -1 -1 
21 1 135 896 225 1078 -1 -1 -1 -1 
21 2 1645 100 1712 265 -1 -1 -1 -1 
21 4 855 219 915 396 -1 -1 -1 -1 
21 5 1138 0 1179 84 -1 -1 -1 -1 
21 7 1614 673 1739 946 -1 -1 -1 -1 
21 8 797 435 907 668 -1 -1 -1 -1 
21 9 190 326 268 522 -1 -1 -1 -1 
21 10 921 66 983 217 -1 -1 -1 -1 
21 11 771 207 839 382 -1 -1 -1 -1 
21 12 1014 0 1062 109 -1 -1 -1 -1 
21 13 1470 24 1546 171 -1 -1 -1 -1 
21 14 1422 0 1469 104 -1 -1 -1 -1 
21 15 675 916 874 1079 -1 -1 -1 -1 
21 16 110 288 170 422 -1 -1 -1 -1 
21 18 343 161 430 394 -1 -1 -1 -1 
21 19 1755 623 1838 769 -1 -1 -1 -1 
22 1 127 902 216 1077 -1 -1 -1 -1 
22 2 1645 99 1712 263 -1 -1 -1 -1 
22 4 858 217 917 391 -1 -1 -1 -1 
22 5 1137 0 1178 86 -1 -1 -1 -1 
22 7 1613 679 1741 957 -1 -1 -1 -1 
22 8 795 440 904 669 -1 -1 -1 -1 
22 9 183 335 260 528 -1 -1 -1 -1 
22 10 925 66 986 214 -1 -1 -1 -1 
22 11 775 208 843 383 -1 -1 -1 -1 
22 12 1016 0 1063 109 -1 -1 -1 -1 
22 13 1469 23 1544 168 -1 -1 -1 -1 
22 14 1426 0 1472 102 -1 -1 -1 -1 
22 15 679 910 878 1078 -1 -1 -1 -1 
22 16 109 289 169 421 -1 -1 -1 -1 
22 18 348 166 430 389 -1 -1 -1 -1 
22 19 1753 628 1833 769 -1 -1 -1 -1 
23 1 119 908 208 1077 -1 -1 -1 -1 
23 2 1646 97 1711 258 -1 -1 -1 -1 
23 4 860 215 919 389 -1 -1 -1 -1 
23 5 1135 0 1177 89 -1 -1 -1 -1 
23 7 1614 684 1743 965 -1 -1 -1 -1 
23 8 793 445 901 669 -1 -1 -1 -1 
23 9 177 341 251 530 -1 -1 -1 -1 
23 10 927 66 988 214 -1 -1 -1 -1 
23 11 777 206 845 382 -1 -1 -1 -1 
23 12 1017 1 1064 110 -1 -1 -1 -1 
23 13 1470 23 1544 167 -1 -1 -1 -1 
23 14 1429 0 1475 99 -1 -1 -1 -1 
23 15 684 906 882 1078 -1 -1 -1 -1 
23 16 109 290 167 420 -1 -1 -1 -1 
23 18 353 177 431 388 -1 -1 -1 -1 
23 19 1753 634 1829 768 -1 -1 -1 -1 
24 1 111 914 199 1076 -1 -1 -1 -1 
24 2 1646 96 1711 254 -1 -1 -1 -1 
24 4 862 213 920 387 -1 -1 -1 -1 
24 5 1134 0 1176 91 -1 -1 -1 -1 
24 7 1614 689 1744 973 -1 -1 -1 -1 
24 8 787 448 897 677 -1 -1 -1 -1 
24 9 171 342 245 531 -1 -1 -1 -1 
24 10 929 67 989 213 -1 -1 -1 -1 
24 11 779 205 847 379 -1 -1 -1 -1 
24 12 1017 1 1065 111 -1 -1 -1 -1 
24 13 1470 18 1546 168 -1 -1 -1 -1 
24 14 1432 0 1477 97 -1 -1 -1 -1 
24 15 688 901 886 1078 -1 -1 -1 -1 
24 16 108 288 167 421 -1 -1 -1 -1 
24 18 356 180 433 388 -1 -1 -1 -1 
24 19 1752 641 1824 767 -1 -1 -1 -1 
25 1 100 919 188 1077 -1 -1 -1 -1 
25 2 1646 95 1710 252 -1 -1 -1 -1 
25 4 863 210 923 387 -1 -1 -1 -1 
25 5 1133 0 1175 92 -1 -1 -1 -1 
25 7 1615 695 1744 978 -1 -1 -1 -1 
25 8 781 449 894 684 -1 -1 -1 -1 
25 9 168 346 239 530 -1 -1 -1 -1 
25 10 931 68 991 213 -1 -1 -1 -1 
25 11 781 205 848 376 -1 -1 -1 -1 
25 12 1019 2 1067 110 -1 -1 -1 -1 
25 13 1470 14 1546 166 -1 -1 -1 -1 
25 14 1435 0 1480 96 -1 -1 -1 -1 
25 15 692 897 888 1077 -1 -1 -1 -1 
25 16 109 289 167 421 -1 -1 -1 -1 
25 18 358 183 434 387 -1 -1 -1 -1 
25 19 1750 645 1822 774 -1 -1 -1 -1 
26 1 91 923 178 1076 -1 -1 -1 -1 
26 2 1646 93 1710 250 -1 -1 -1 -1 
26 4 866 210 925 385 -1 -1 -1 -1 
26 5 1132 0 1173 93 -1 -1 -1 -1 
26 7 1615 699 1743 978 -1 -1 -1 -1 
26 8 778 452 892 689 -1 -1 -1 -1 
26 9 164 349 234 529 -1 -1 -1 -1 
26 10 932 68 992 212 -1 -1 -1 -1 
26 11 786 204 853 373 -1 -1 -1 -1 
26 12 1021 2 1069 110 -1 -1 -1 -1 
26 13 1473 11 1548 164 -1 -1 -1 -1 
26 14 1439 0 1483 94 -1 -1 -1 -1 
26 15 695 893 890 1077 -1 -1 -1 -1 
26 16 108 288 167 421 -1 -1 -1 -1 
26 18 361 182 438 387 -1 -1 -1 -1 
26 19 1748 649 1821 780 -1 -1 -1 -1 
27 1 80 925 169 1076 -1 -1 -1 -1 
27 2 1646 92 1710 249 -1 -1 -1 -1 
27 4 870 210 928 384 -1 -1 -1 -1 
27 5 1131 0 1172 94 -1 -1 -1 -1 
27 7 1616 704 1743 981 -1 -1 -1 -1 
27 8 776 456 888 685 -1 -1 -1 -1 
27 9 157 346 230 533 -1 -1 -1 -1 
27 10 934 70 993 211 -1 -1 -1 -1 
27 11 789 199 857 372 -1 -1 -1 -1 
27 12 1022 1 1071 110 -1 -1 -1 -1 
27 13 1472 10 1546 162 -1 -1 -1 -1 
27 15 702 887 897 1076 -1 -1 -1 -1 
27 16 108 288 168 425 -1 -1 -1 -1 
27 18 361 171 444 385 -1 -1 -1 -1 
27 19 1744 652 1821 792 -1 -1 -1 -1 
28 1 71 930 159 1076 -1 -1 -1 -1 
28 2 1646 91 1710 247 -1 -1 -1 -1 
28 4 873 210 931 380 -1 -1 -1 -1 
28 5 1130 0 1171 94 -1 -1 -1 -1 
28 7 1618 704 1746 982 -1 -1 -1 -1 
28 8 775 457 881 671 -1 -1 -1 -1 
28 9 149 349 225 540 -1 -1 -1 -1 
28 10 935 69 993 209 -1 -1 -1 -1 
28 11 792 196 860 370 -1 -1 -1 -1 
28 12 1023 1 1071 107 -1 -1 -1 -1 
28 13 1476 10 1548 161 -1 -1 -1 -1 
28 15 715 886 904 1077 -1 -1 -1 -1 
28 16 107 287 167 424 -1 -1 -1 -1 
28 18 361 165 448 386 -1 -1 -1 -1 
28 19 1744 653 1821 796 -1 -1 -1 -1 
29 1 64 935 151 1075 -1 -1 -1 -1 
29 2 1646 91 1708 246 -1 -1 -1 -1 
29 4 875 209 934 380 -1 -1 -1 -1 
29 5 1129 0 1169 94 -1 -1 -1 -1 
29 7 1620 705 1748 981 -1 -1 -1 -1 
29 8 770 458 880 680 -1 -1 -1 -1 
29 9 145 355 222 544 -1 -1 -1 -1 
29 10 936 69 994 208 -1 -1 -1 -1 
29 11 796 193 863 367 -1 -1 -1 -1 
29 12 1024 1 1071 105 -1 -1 -1 -1 
29 13 1477 7 1549 155 -1 -1 -1 -1 
29 15 715 879 905 1077 -1 -1 -1 -1 
29 16 107 287 165 422 -1 -1 -1 -1 
29 18 371 176 455 383 -1 -1 -1 -1 
29 19 1737 655 1822 813 -1 -1 -1 -1 
30 1 55 941 141 1075 -1 -1 -1 -1 
30 2 1646 91 1709 245 -1 -1 -1 -1 
30 4 879 210 938 380 -1 -1 -1 -1 
30 5 1129 0 1168 94 -1 -1 -1 -1 
30 7 1621 708 1749 980 -1 -1 -1 -1 
30 8 766 459 876 680 -1 -1 -1 -1 
30 9 141 356 221 550 -1 -1 -1 -1 
30 10 939 67 997 207 -1 -1 -1 -1 
30 11 800 191 867 363 -1 -1 -1 -1 
30 12 1025 1 1072 104 -1 -1 -1 -1 
30 13 1476 8 1550 157 -1 -1 -1 -1 
30 15 717 874 906 1077 -1 -1 -1 -1 
30 16 105 286 161 420 -1 -1 -1 -1 
30 18 381 191 458 381 -1 -1 -1 -1 
30 19 1735 656 1821 819 -1 -1 -1 -1 
31 1 44 948 128 1075 -1 -1 -1 -1 
31 2 1647 91 1709 244 -1 -1 -1 -1 
31 4 883 210 940 374 -1 -1 -1 -1 
31 5 1128 1 1167 94 -1 -1 -1 -1 
31 7 1622 711 1749 982 -1 -1 -1 -1 
31 8 763 463 872 683 -1 -1 -1 -1 
31 9 136 360 217 552 -1 -1 -1 -1 
31 10 941 65 1000 207 -1 -1 -1 -1 
31 11 802 189 869 360 -1 -1 -1 -1 
31 12 1026 1 1073 102 -1 -1 -1 -1 
31 13 1475 8 1549 156 -1 -1 -1 -1 
31 15 720 869 908 1077 -1 -1 -1 -1 
31 16 105 286 161 422 -1 -1 -1 -1 
31 17 1338 0 1358 32 -1 -1 -1 -1 
31 18 386 200 461 379 -1 -1 -1 -1 
31 19 1735 658 1819 820 -1 -1 -1 -1 
32 1 37 956 120 1075 -1 -1 -1 -1 
32 2 1647 91 1708 241 -1 -1 -1 -1 
32 4 887 209 944 370 -1 -1 -1 -1 
32 5 1128 1 1166 95 -1 -1 -1 -1 
32 7 1624 718 1748 982 -1 -1 -1 -1 
32 8 757 465 869 689 -1 -1 -1 -1 
32 9 127 363 207 553 -1 -1 -1 -1 
32 10 942 62 1002 206 -1 -1 -1 -1 
32 11 806 189 872 358 -1 -1 -1 -1 
32 12 1028 2 1074 101 -1 -1 -1 -1 
32 13 1477 9 1550 156 -1 -1 -1 -1 
32 15 727 864 914 1076 -1 -1 -1 -1 
32 16 106 286 160 418 -1 -1 -1 -1 
32 17 1338 0 1358 31 -1 -1 -1 -1 
32 18 391 204 464 380 -1 -1 -1 -1 
32 19 1732 660 1819 830 -1 -1 -1 -1 
33 1 30 967 110 1078 -1 -1 -1 -1 
33 2 1647 91 1708 239 -1 -1 -1 -1 
33 4 891 207 948 368 -1 -1 -1 -1 
33 5 1126 1 1165 95 -1 -1 -1 -1 
33 7 1627 725 1749 983 -1 -1 -1 -1 
33 8 752 466 865 693 -1 -1 -1 -1 
33 9 117 368 194 551 -1 -1 -1 -1 
33 10 944 61 1004 207 -1 -1 -1 -1 
33 11 810 187 876 358 -1 -1 -1 -1 
33 12 1030 3 1075 100 -1 -1 -1 -1 
33 13 1478 6 1553 156 -1 -1 -1 -1 
33 15 731 861 916 1076 -1 -1 -1 -1 
33 16 107 286 155 405 -1 -1 -1 -1 
33 17 1339 0 1360 30 -1 -1 -1 -1 
33 18 396 206 468 378 -1 -1 -1 -1 
33 19 1728 664 1814 834 -1 -1 -1 -1 
34 1 23 978 100 1079 -1 -1 -1 -1 
34 2 1648 89 1710 238 -1 -1 -1 -1 
34 4 894 206 951 366 -1 -1 -1 -1 
34 5 1125 2 1164 96 -1 -1 -1 -1 
34 7 1631 731 1750 983 -1 -1 -1 -1 
34 8 745 471 861 703 -1 -1 -1 -1 
34 9 110 362 188 549 -1 -1 -1 -1 
34 10 945 58 1006 209 -1 -1 -1 -1 
34 11 812 187 879 359 -1 -1 -1 -1 
34 12 1032 3 1076 99 -1 -1 -1 -1 
34 13 1478 4 1554 157 -1 -1 -1 -1 
34 15 734 856 916 1075 -1 -1 -1 -1 
34 16 106 286 154 404 -1 -1 -1 -1 
34 17 1340 0 1360 30 -1 -1 -1 -1 
34 18 399 203 471 375 -1 -1 -1 -1 
34 19 1728 670 1811 835 -1 -1 -1 -1 
35 1 17 987 88 1077 -1 -1 -1 -1 
35 2 1650 87 1712 238 -1 -1 -1 -1 
35 4 896 201 954 366 -1 -1 -1 -1 
35 5 1124 1 1163 96 -1 -1 -1 -1 
35 7 1634 737 1751 982 -1 -1 -1 -1 
35 8 739 476 855 708 -1 -1 -1 -1 
35 9 103 363 179 546 -1 -1 -1 -1 
35 10 947 55 1008 208 -1 -1 -1 -1 
35 11 815 188 883 360 -1 -1 -1 -1 
35 12 1032 2 1077 98 -1 -1 -1 -1 
35 13 1478 1 1555 155 -1 -1 -1 -1 
35 15 738 851 919 1073 -1 -1 -1 -1 
35 18 402 200 474 373 -1 -1 -1 -1 
35 19 1730 677 1804 823 -1 -1 -1 -1 
36 1 10 993 77 1077 -1 -1 -1 -1 
36 2 1651 85 1713 238 -1 -1 -1 -1 
36 4 900 198 957 362 -1 -1 -1 -1 
36 5 1122 2 1161 98 -1 -1 -1 -1 
36 7 1637 744 1751 981 -1 -1 -1 -1 
36 8 734 477 852 713 -1 -1 -1 -1 
36 9 96 363 173 551 -1 -1 -1 -1 
36 10 948 55 1008 206 -1 -1 -1 -1 
36 11 818 188 887 361 -1 -1 -1 -1 
36 12 1033 0 1079 99 -1 -1 -1 -1 
36 13 1479 0 1556 152 -1 -1 -1 -1 
36 15 741 845 923 1073 -1 -1 -1 -1 
36 18 406 198 478 371 -1 -1 -1 -1 
36 19 1727 681 1801 828 -1 -1 -1 -1 
37 1 4 1000 66 1076 -1 -1 -1 -1 
37 2 1651 84 1714 237 -1 -1 -1 -1 
37 4 901 194 959 361 -1 -1 -1 -1 
37 5 1120 2 1159 98 -1 -1 -1 -1 
37 7 1640 748 1752 981 -1 -1 -1 -1 
37 8 731 483 846 713 -1 -1 -1 -1 
37 9 91 367 167 555 -1 -1 -1 -1 
37 10 952 54 1012 204 -1 -1 -1 -1 
37 11 820 186 891 360 -1 -1 -1 -1 
37 12 1033 1 1080 101 -1 -1 -1 -1 
37 13 1481 0 1556 150 -1 -1 -1 -1 
37 15 744 841 924 1072 -1 -1 -1 -1 
37 16 112 286 168 420 -1 -1 -1 -1 
37 18 408 196 480 370 -1 -1 -1 -1 
37 19 1726 684 1798 830 -1 -1 -1 -1 
38 2 1651 81 1714 235 -1 -1 -1 -1 
38 4 904 193 962 360 -1 -1 -1 -1 
38 5 1118 3 1157 99 -1 -1 -1 -1 
38 7 1642 753 1754 983 -1 -1 -1 -1 
38 8 725 484 840 713 -1 -1 -1 -1 
38 9 86 373 162 559 -1 -1 -1 -1 
38 10 955 52 1016 203 -1 -1 -1 -1 
38 11 823 184 894 357 -1 -1 -1 -1 
38 12 1034 1 1082 102 -1 -1 -1 -1 
38 13 1482 0 1556 149 -1 -1 -1 -1 
38 15 748 836 928 1071 -1 -1 -1 -1 
38 16 112 285 168 421 -1 -1 -1 -1 
38 18 413 193 485 368 -1 -1 -1 -1 
38 19 1722 686 1794 832 -1 -1 -1 -1 
39 2 1651 80 1714 234 -1 -1 -1 -1 
39 4 906 191 964 360 -1 -1 -1 -1 
39 5 1115 3 1155 101 -1 -1 -1 -1 
39 7 1644 757 1757 991 -1 -1 -1 -1 
39 8 720 485 837 716 -1 -1 -1 -1 
39 9 79 378 157 568 -1 -1 -1 -1 
39 10 958 50 1020 202 -1 -1 -1 -1 
39 11 827 181 898 353 -1 -1 -1 -1 
39 12 1035 1 1083 102 -1 -1 -1 -1 
39 13 1484 1 1558 149 -1 -1 -1 -1 
39 15 756 831 935 1071 -1 -1 -1 -1 
39 16 112 287 169 422 -1 -1 -1 -1 
39 17 1338 0 1359 28 -1 -1 -1 -1 
39 18 415 193 486 369 -1 -1 -1 -1 
39 19 1721 689 1793 836 -1 -1 -1 -1 
40 2 1651 78 1714 233 -1 -1 -1 -1 
40 4 909 190 966 357 -1 -1 -1 -1 
40 5 1113 3 1153 102 -1 -1 -1 -1 
40 7 1642 760 1760 1005 -1 -1 -1 -1 
40 8 716 488 836 726 -1 -1 -1 -1 
40 9 73 379 155 578 -1 -1 -1 -1 
40 10 959 47 1022 202 -1 -1 -1 -1 
40 11 830 177 902 349 -1 -1 -1 -1 
40 12 1036 1 1084 102 -1 -1 -1 -1 
40 13 1484 1 1558 149 -1 -1 -1 -1 
40 15 760 824 940 1072 -1 -1 -1 -1 
40 16 111 287 169 423 -1 -1 -1 -1 
40 17 1339 0 1360 28 -1 -1 -1 -1 
40 18 418 192 489 367 -1 -1 -1 -1 
40 19 1720 691 1791 837 -1 -1 -1 -1 
41 2 1651 77 1714 233 -1 -1 -1 -1 
41 4 912 190 969 357 -1 -1 -1 -1 
41 5 1112 3 1152 102 -1 -1 -1 -1 
41 7 1641 765 1763 1018 -1 -1 -1 -1 
41 8 710 488 832 732 -1 -1 -1 -1 
41 9 64 362 155 582 -1 -1 -1 -1 
41 10 959 45 1023 202 -1 -1 -1 -1 
41 11 834 175 904 345 -1 -1 -1 -1 
41 12 1037 1 1085 100 -1 -1 -1 -1 
41 13 1484 2 1557 148 -1 -1 -1 -1 
41 15 766 822 942 1072 -1 -1 -1 -1 
41 16 112 287 169 423 -1 -1 -1 -1 
41 17 1340 0 1362 29 -1 -1 -1 -1 
41 18 421 189 492 366 -1 -1 -1 -1 
41 19 1720 694 1789 836 -1 -1 -1 -1 
42 2 1651 76 1714 232 -1 -1 -1 -1 
42 4 914 190 970 357 -1 -1 -1 -1 
42 5 1110 3 1150 103 -1 -1 -1 -1 
42 7 1639 769 1765 1033 -1 -1 -1 -1 
42 8 706 489 827 729 -1 -1 -1 -1 
42 9 56 344 154 584 -1 -1 -1 -1 
42 10 961 48 1024 201 -1 -1 -1 -1 
42 11 837 176 905 344 -1 -1 -1 -1 
42 12 1038 3 1086 100 -1 -1 -1 -1 
42 13 1485 1 1558 147 -1 -1 -1 -1 
42 15 769 818 945 1072 -1 -1 -1 -1 
42 16 113 288 171 423 -1 -1 -1 -1 
42 17 1340 0 1362 29 -1 -1 -1 -1 
42 18 425 188 495 364 -1 -1 -1 -1 
42 19 1719 697 1785 834 -1 -1 -1 -1 
43 2 1651 76 1714 232 -1 -1 -1 -1 
43 4 917 189 973 356 -1 -1 -1 -1 
43 5 1109 3 1149 103 -1 -1 -1 -1 
43 7 1642 773 1765 1033 -1 -1 -1 -1 
43 8 705 492 822 724 -1 -1 -1 -1 
43 9 52 375 138 582 -1 -1 -1 -1 
43 10 965 47 1027 201 -1 -1 -1 -1 
43 11 838 170 908 341 -1 -1 -1 -1 
43 12 1039 3 1088 100 -1 -1 -1 -1 
43 13 1485 1 1558 146 -1 -1 -1 -1 
43 15 773 815 947 1072 -1 -1 -1 -1 
43 16 111 286 171 426 -1 -1 -1 -1 
43 18 428 187 499 363 -1 -1 -1 -1 
43 19 1716 704 1781 836 -1 -1 -1 -1 
44 2 1651 76 1714 232 -1 -1 -1 -1 
44 4 920 187 975 354 -1 -1 -1 -1 
44 5 1107 3 1148 105 -1 -1 -1 -1 
44 7 1643 778 1763 1029 -1 -1 -1 -1 
44 8 701 495 817 723 -1 -1 -1 -1 
44 9 46 389 126 581 -1 -1 -1 -1 
44 10 967 47 1029 201 -1 -1 -1 -1 
44 11 842 169 911 341 -1 -1 -1 -1 
44 12 1041 3 1090 101 -1 -1 -1 -1 
44 13 1486 0 1560 147 -1 -1 -1 -1 
44 15 778 812 950 1072 -1 -1 -1 -1 
44 16 110 286 170 426 -1 -1 -1 -1 
44 18 432 187 502 361 -1 -1 -1 -1 
44 19 1712 709 1777 841 -1 -1 -1 -1 
45 2 1651 75 1714 231 -1 -1 -1 -1 
45 4 921 185 977 354 -1 -1 -1 -1 
45 5 1106 3 1147 106 -1 -1 -1 -1 
45 7 1647 787 1759 1021 -1 -1 -1 -1 
45 8 698 499 811 719 -1 -1 -1 -1 
45 9 38 388 117 578 -1 -1 -1 -1 
45 10 971 46 1033 198 -1 -1 -1 -1 
45 11 845 168 914 341 -1 -1 -1 -1 
45 12 1042 3 1092 101 -1 -1 -1 -1 
45 13 1487 1 1561 147 -1 -1 -1 -1 
45 15 782 808 952 1070 -1 -1 -1 -1 
45 16 110 286 170 426 -1 -1 -1 -1 
45 18 435 186 504 360 -1 -1 -1 -1 
45 19 1709 714 1776 848 -1 -1 -1 -1 
46 2 1651 75 1714 231 -1 -1 -1 -1 
46 4 923 183 979 351 -1 -1 -1 -1 
46 5 1105 3 1146 107 -1 -1 -1 -1 
46 7 1647 793 1756 1016 -1 -1 -1 -1 
46 8 692 503 807 726 -1 -1 -1 -1 
46 9 32 395 108 580 -1 -1 -1 -1 
46 10 974 47 1035 198 -1 -1 -1 -1 
46 11 850 167 918 341 -1 -1 -1 -1 
46 12 1044 3 1094 101 -1 -1 -1 -1 
46 13 1488 1 1562 147 -1 -1 -1 -1 
46 15 787 803 955 1067 -1 -1 -1 -1 
46 16 110 286 170 425 -1 -1 -1 -1 
46 18 437 184 507 359 -1 -1 -1 -1 
46 19 1704 721 1773 855 -1 -1 -1 -1 
47 2 1650 72 1713 230 -1 -1 -1 -1 
47 4 926 183 980 347 -1 -1 -1 -1 
47 5 1103 3 1144 108 -1 -1 -1 -1 
47 7 1648 800 1752 1012 -1 -1 -1 -1 
47 8 686 508 804 738 -1 -1 -1 -1 
47 9 26 391 103 580 -1 -1 -1 -1 
47 10 978 47 1038 195 -1 -1 -1 -1 
47 11 854 167 921 340 -1 -1 -1 -1 
47 12 1046 3 1095 101 -1 -1 -1 -1 
47 13 1491 1 1564 144 -1 -1 -1 -1 
47 15 790 797 957 1066 -1 -1 -1 -1 
47 16 109 286 170 425 -1 -1 -1 -1 
47 18 443 185 512 355 -1 -1 -1 -1 
47 19 1701 728 1769 859 -1 -1 -1 -1 
48 2 1649 71 1712 228 -1 -1 -1 -1 
48 4 928 182 983 345 -1 -1 -1 -1 
48 5 1101 3 1143 108 -1 -1 -1 -1 
48 7 1647 805 1751 1014 -1 -1 -1 -1 
48 8 680 513 801 749 -1 -1 -1 -1 
48 9 21 392 99 585 -1 -1 -1 -1 
48 10 982 48 1042 195 -1 -1 -1 -1 
48 11 857 168 925 341 -1 -1 -1 -1 
48 13 1495 0 1566 137 -1 -1 -1 -1 
48 15 794 792 959 1063 -1 -1 -1 -1 
48 16 109 286 170 426 -1 -1 -1 -1 
48 18 447 183 514 350 -1 -1 -1 -1 
48 19 1699 735 1765 858 -1 -1 -1 -1 
49 2 1650 70 1713 227 -1 -1 -1 -1 
49 4 932 181 987 341 -1 -1 -1 -1 
49 5 1098 3 1141 109 -1 -1 -1 -1 
49 7 1649 811 1747 1005 -1 -1 -1 -1 
49 8 676 520 799 757 -1 -1 -1 -1 
49 9 15 398 96 593 -1 -1 -1 -1 
49 10 985 47 1045 195 -1 -1 -1 -1 
49 11 860 169 928 341 -1 -1 -1 -1 
49 13 1498 0 1566 130 -1 -1 -1 -1 
49 15 800 789 958 1051 -1 -1 -1 -1 
49 16 109 285 170 426 -1 -1 -1 -1 
49 18 450 181 517 347 -1 -1 -1 -1 
49 19 1696 737 1763 857 -1 -1 -1 -1 
50 2 1651 68 1713 224 -1 -1 -1 -1 
50 4 936 181 991 340 -1 -1 -1 -1 
50 5 1096 2 1139 109 -1 -1 -1 -1 
50 7 1650 816 1746 1002 -1 -1 -1 -1 
50 8 673 524 800 767 -1 -1 -1 -1 
50 9 10 400 92 595 -1 -1 -1 -1 
50 10 986 45 1046 196 -1 -1 -1 -1 
50 11 862 170 929 341 -1 -1 -1 -1 
50 12 1052 0 1098 92 -1 -1 -1 -1 
50 13 1499 0 1570 134 -1 -1 -1 -1 
50 15 806 785 959 1041 -1 -1 -1 -1 
50 16 109 285 170 425 -1 -1 -1 -1 
50 18 453 179 520 345 -1 -1 -1 -1 
50 19 1693 739 1762 861 -1 -1 -1 -1 
51 2 1651 69 1712 221 -1 -1 -1 -1 
51 4 940 180 997 341 -1 -1 -1 -1 
51 5 1093 2 1136 110 -1 -1 -1 -1 
51 7 1652 819 1746 1000 -1 -1 -1 -1 
51 8 666 526 798 779 -1 -1 -1 -1 
51 9 7 404 90 598 -1 -1 -1 -1 
51 10 988 45 1047 196 -1 -1 -1 -1 
51 11 865 169 932 340 -1 -1 -1 -1 
51 12 1053 0 1099 91 -1 -1 -1 -1 
51 13 1500 0 1571 134 -1 -1 -1 -1 
51 15 812 779 962 1035 -1 -1 -1 -1 
51 16 110 286 170 423 -1 -1 -1 -1 
51 18 457 175 524 343 -1 -1 -1 -1 
51 19 1690 741 1761 862 -1 -1 -1 -1 
52 2 1652 67 1713 220 -1 -1 -1 -1 
52 4 942 177 1000 341 -1 -1 -1 -1 
52 5 1092 1 1135 108 -1 -1 -1 -1 
52 7 1654 821 1749 1000 -1 -1 -1 -1 
52 8 664 529 791 771 -1 -1 -1 -1 
52 9 0 373 96 601 -1 -1 -1 -1 
52 10 992 46 1050 195 -1 -1 -1 -1 
52 11 868 165 935 335 -1 -1 -1 -1 
52 13 1506 0 1573 125 -1 -1 -1 -1 
52 15 821 775 968 1031 -1 -1 -1 -1 
52 16 111 286 170 422 -1 -1 -1 -1 
52 18 461 175 528 343 -1 -1 -1 -1 
52 19 1688 741 1760 863 -1 -1 -1 -1 
53 2 1652 67 1712 217 -1 -1 -1 -1 
53 4 943 174 1002 339 -1 -1 -1 -1 
53 5 1091 1 1134 109 -1 -1 -1 -1 
53 7 1656 823 1750 998 -1 -1 -1 -1 
53 8 661 531 785 766 -1 -1 -1 -1 
53 9 0 400 87 604 -1 -1 -1 -1 
53 10 994 44 1053 194 -1 -1 -1 -1 
53 11 873 162 940 332 -1 -1 -1 -1 
53 13 1509 0 1573 120 -1 -1 -1 -1 
53 15 829 774 972 1028 -1 -1 -1 -1 
53 16 111 286 170 422 -1 -1 -1 -1 
53 18 466 175 533 343 -1 -1 -1 -1 
53 19 1681 743 1759 870 -1 -1 -1 -1 
54 2 1652 66 1713 218 -1 -1 -1 -1 
54 4 945 174 1004 338 -1 -1 -1 -1 
54 5 1089 1 1132 109 -1 -1 -1 -1 
54 7 1658 828 1751 1002 -1 -1 -1 -1 
54 8 657 533 780 765 -1 -1 -1 -1 
54 9 0 410 81 605 -1 -1 -1 -1 
54 10 997 44 1056 194 -1 -1 -1 -1 
54 11 877 158 944 328 -1 -1 -1 -1 
54 13 1511 0 1576 119 -1 -1 -1 -1 
54 15 834 772 976 1028 -1 -1 -1 -1 
54 16 111 286 170 422 -1 -1 -1 -1 
54 18 471 174 539 343 -1 -1 -1 -1 
54 19 1678 746 1756 871 -1 -1 -1 -1 
55 2 1652 65 1713 217 -1 -1 -1 -1 
55 4 950 175 1008 334 -1 -1 -1 -1 
55 5 1087 1 1130 110 -1 -1 -1 -1 
55 7 1658 834 1754 1012 -1 -1 -1 -1 
55 8 649 533 776 774 -1 -1 -1 -1 
55 9 0 405 71 608 -1 -1 -1 -1 
55 10 999 45 1058 194 -1 -1 -1 -1 
55 11 881 155 948 325 -1 -1 -1 -1 
55 13 1510 0 1576 121 -1 -1 -1 -1 
55 15 833 766 975 1025 -1 -1 -1 -1 
55 16 110 287 170 422 -1 -1 -1 -1 
55 18 474 172 543 343 -1 -1 -1 -1 
55 19 1675 753 1755 878 -1 -1 -1 -1 
56 2 1652 65 1713 216 -1 -1 -1 -1 
56 4 954 175 1011 332 -1 -1 -1 -1 
56 5 1083 1 1128 112 -1 -1 -1 -1 
56 7 1657 838 1754 1019 -1 -1 -1 -1 
56 8 642 530 776 787 -1 -1 -1 -1 
56 9 0 406 66 611 -1 -1 -1 -1 
56 10 1001 45 1059 193 -1 -1 -1 -1 
56 11 884 155 950 322 -1 -1 -1 -1 
56 13 1510 0 1577 122 -1 -1 -1 -1 
56 15 834 763 978 1026 -1 -1 -1 -1 
56 16 111 287 170 422 -1 -1 -1 -1 
56 18 477 171 548 341 -1 -1 -1 -1 
56 19 1669 757 1755 892 -1 -1 -1 -1 
57 2 1652 66 1713 215 -1 -1 -1 -1 
57 4 956 170 1014 331 -1 -1 -1 -1 
57 5 1081 1 1125 113 -1 -1 -1 -1 
57 7 1655 843 1756 1028 -1 -1 -1 -1 
57 8 637 533 770 791 -1 -1 -1 -1 
57 10 1005 46 1062 191 -1 -1 -1 -1 
57 11 886 152 953 321 -1 -1 -1 -1 
57 13 1511 0 1578 122 -1 -1 -1 -1 
57 15 837 758 981 1025 -1 -1 -1 -1 
57 16 110 287 170 423 -1 -1 -1 -1 
57 18 479 170 550 341 -1 -1 -1 -1 
57 19 1666 761 1753 896 -1 -1 -1 -1 
58 2 1653 66 1714 216 -1 -1 -1 -1 
58 4 960 167 1018 330 -1 -1 -1 -1 
58 5 1079 2 1123 113 -1 -1 -1 -1 
58 7 1654 849 1757 1038 -1 -1 -1 -1 
58 8 632 539 763 797 -1 -1 -1 -1 
58 10 1006 44 1063 188 -1 -1 -1 -1 
58 11 888 150 955 319 -1 -1 -1 -1 
58 13 1511 0 1577 123 -1 -1 -1 -1 
58 15 840 753 984 1022 -1 -1 -1 -1 
58 16 110 287 170 423 -1 -1 -1 -1 
58 18 482 172 551 340 -1 -1 -1 -1 
59 2 1653 66 1713 215 -1 -1 -1 -1 
59 4 962 166 1020 333 -1 -1 -1 -1 
59 5 1078 2 1122 114 -1 -1 -1 -1 
59 7 1638 802 1766 1042 -1 -1 -1 -1 
59 8 628 543 757 798 -1 -1 -1 -1 
59 10 1006 42 1063 186 -1 -1 -1 -1 
59 11 889 151 956 317 -1 -1 -1 -1 
59 13 1512 0 1580 123 -1 -1 -1 -1 
59 15 845 748 984 1008 -1 -1 -1 -1 
59 16 111 287 170 423 -1 -1 -1 -1 
59 18 484 172 553 340 -1 -1 -1 -1 
60 2 1654 64 1715 216 -1 -1 -1 -1 
60 4 964 164 1023 333 -1 -1 -1 -1 
60 5 1076 3 1121 114 -1 -1 -1 -1 
60 7 1631 787 1766 1047 -1 -1 -1 -1 
60 8 626 548 752 799 -1 -1 -1 -1 
60 10 1008 47 1061 186 -1 -1 -1 -1 
60 11 892 152 958 318 -1 -1 -1 -1 
60 13 1513 0 1579 122 -1 -1 -1 -1 
60 15 851 742 987 997 -1 -1 -1 -1 
60 16 110 288 170 423 -1 -1 -1 -1 
60 18 486 173 553 339 -1 -1 -1 -1 
61 2 1655 64 1716 215 -1 -1 -1 -1 
61 4 966 164 1025 332 -1 -1 -1 -1 
61 5 1075 4 1119 115 -1 -1 -1 -1 
61 7 1627 783 1763 1050 -1 -1 -1 -1 
61 8 621 551 749 804 -1 -1 -1 -1 
61 10 1009 47 1062 187 -1 -1 -1 -1 
61 11 894 153 961 318 -1 -1 -1 -1 
61 13 1514 0 1579 122 -1 -1 -1 -1 
61 15 854 737 990 991 -1 -1 -1 -1 
61 16 110 288 170 423 -1 -1 -1 -1 
61 18 489 173 555 336 -1 -1 -1 -1 
62 2 1656 61 1717 213 -1 -1 -1 -1 
62 4 969 163 1026 329 -1 -1 -1 -1 
62 5 1073 4 1116 116 -1 -1 -1 -1 
62 7 1623 782 1758 1053 -1 -1 -1 -1 
62 8 617 556 744 806 -1 -1 -1 -1 
62 10 1013 56 1062 186 -1 -1 -1 -1 
62 11 897 152 964 317 -1 -1 -1 -1 
62 13 1516 0 1580 120 -1 -1 -1 -1 
62 15 858 732 992 986 -1 -1 -1 -1 
62 16 110 288 170 422 -1 -1 -1 -1 
62 18 493 170 558 331 -1 -1 -1 -1 
63 2 1656 59 1718 210 -1 -1 -1 -1 
63 4 971 164 1027 326 -1 -1 -1 -1 
63 5 1071 5 1113 116 -1 -1 -1 -1 
63 7 1622 785 1754 1055 -1 -1 -1 -1 
63 8 611 560 742 816 -1 -1 -1 -1 
63 10 1015 54 1065 184 -1 -1 -1 -1 
63 11 901 152 968 318 -1 -1 -1 -1 
63 13 1516 0 1580 121 -1 -1 -1 -1 
63 15 861 729 993 979 -1 -1 -1 -1 
63 16 110 288 170 422 -1 -1 -1 -1 
63 18 496 170 561 329 -1 -1 -1 -1 
64 2 1656 57 1718 208 -1 -1 -1 -1 
64 4 973 164 1028 324 -1 -1 -1 -1 
64 5 1069 7 1111 119 -1 -1 -1 -1 
64 7 1623 789 1751 1054 -1 -1 -1 -1 
64 8 604 563 736 822 -1 -1 -1 -1 
64 10 1020 59 1067 184 -1 -1 -1 -1 
64 11 904 151 971 316 -1 -1 -1 -1 
64 13 1516 0 1580 120 -1 -1 -1 -1 
64 15 864 727 997 976 -1 -1 -1 -1 
64 16 110 288 170 422 -1 -1 -1 -1 
64 18 497 161 563 327 -1 -1 -1 -1 
65 2 1655 54 1717 206 -1 -1 -1 -1 
65 4 976 162 1031 323 -1 -1 -1 -1 
65 5 1068 7 1109 120 -1 -1 -1 -1 
65 7 1622 795 1747 1057 -1 -1 -1 -1 
65 8 601 565 733 823 -1 -1 -1 -1 
65 10 1022 60 1069 183 -1 -1 -1 -1 
65 11 908 150 974 313 -1 -1 -1 -1 
65 13 1517 0 1581 121 -1 -1 -1 -1 
65 15 869 726 1000 973 -1 -1 -1 -1 
65 16 110 288 170 422 -1 -1 -1 -1 
65 18 499 161 566 329 -1 -1 -1 -1 
66 2 1654 52 1717 205 -1 -1 -1 -1 
66 4 979 161 1033 322 -1 -1 -1 -1 
66 5 1066 8 1108 120 -1 -1 -1 -1 
66 7 1620 800 1744 1061 -1 -1 -1 -1 
66 8 596 566 730 827 -1 -1 -1 -1 
66 11 911 147 977 311 -1 -1 -1 -1 
66 13 1517 0 1581 120 -1 -1 -1 -1 
66 15 880 723 1008 968 -1 -1 -1 -1 
66 16 110 289 170 422 -1 -1 -1 -1 
66 18 502 159 568 328 -1 -1 -1 -1 
67 2 1654 52 1717 205 -1 -1 -1 -1 
67 4 981 158 1035 319 -1 -1 -1 -1 
67 5 1065 8 1106 121 -1 -1 -1 -1 
67 7 1618 805 1744 1069 -1 -1 -1 -1 
67 8 590 568 725 831 -1 -1 -1 -1 
67 10 1021 31 1078 179 -1 -1 -1 -1 
67 11 915 147 980 310 -1 -1 -1 -1 
67 13 1517 0 1583 124 -1 -1 -1 -1 
67 15 884 722 1011 964 -1 -1 -1 -1 
67 16 110 288 170 422 -1 -1 -1 -1 
67 18 505 155 573 329 -1 -1 -1 -1 
68 2 1655 53 1718 204 -1 -1 -1 -1 
68 4 984 157 1037 317 -1 -1 -1 -1 
68 5 1063 9 1104 121 -1 -1 -1 -1 
68 7 1618 811 1745 1076 -1 -1 -1 -1 
68 8 587 570 721 832 -1 -1 -1 -1 
68 10 1023 29 1080 178 -1 -1 -1 -1 
68 11 918 145 983 308 -1 -1 -1 -1 
68 13 1517 0 1584 124 -1 -1 -1 -1 
68 15 886 719 1012 961 -1 -1 -1 -1 
68 16 110 288 170 422 -1 -1 -1 -1 
68 18 509 152 577 328 -1 -1 -1 -1 
69 2 1656 53 1718 203 -1 -1 -1 -1 
69 4 986 155 1039 313 -1 -1 -1 -1 
69 7 1619 820 1744 1079 -1 -1 -1 -1 
69 8 582 575 713 831 -1 -1 -1 -1 
69 10 1025 20 1085 176 -1 -1 -1 -1 
69 11 922 143 986 306 -1 -1 -1 -1 
69 13 1518 0 1585 125 -1 -1 -1 -1 
69 15 888 715 1013 954 -1 -1 -1 -1 
69 16 110 288 170 422 -1 -1 -1 -1 
69 18 511 151 580 328 -1 -1 -1 -1 
70 2 1657 54 1718 203 -1 -1 -1 -1 
70 4 987 154 1040 310 -1 -1 -1 -1 
70 7 1618 826 1741 1079 -1 -1 -1 -1 
70 8 575 580 708 840 -1 -1 -1 -1 
70 10 1027 34 1084 177 -1 -1 -1 -1 
70 11 925 142 989 305 -1 -1 -1 -1 
70 13 1520 0 1586 123 -1 -1 -1 -1 
70 15 891 709 1016 946 -1 -1 -1 -1 
70 16 110 288 170 422 -1 -1 -1 -1 
70 18 514 151 582 328 -1 -1 -1 -1 
71 2 1657 54 1718 203 -1 -1 -1 -1 
71 4 992 152 1045 310 -1 -1 -1 -1 
71 7 1619 830 1742 1079 -1 -1 -1 -1 
71 8 572 585 706 848 -1 -1 -1 -1 
71 10 1028 24 1088 174 -1 -1 -1 -1 
71 11 929 142 992 303 -1 -1 -1 -1 
71 13 1522 0 1588 125 -1 -1 -1 -1 
71 15 898 705 1020 939 -1 -1 -1 -1 
71 16 110 288 170 422 -1 -1 -1 -1 
71 18 518 156 584 326 -1 -1 -1 -1 
72 2 1657 54 1718 202 -1 -1 -1 -1 
72 4 994 151 1049 310 -1 -1 -1 -1 
72 6 1763 400 1862 646 -1 -1 -1 -1 
72 7 1620 835 1742 1079 -1 -1 -1 -1 
72 8 570 592 702 848 -1 -1 -1 -1 
72 10 1031 19 1092 173 -1 -1 -1 -1 
72 11 932 141 996 303 -1 -1 -1 -1 
72 13 1522 0 1589 125 -1 -1 -1 -1 
72 15 900 700 1023 936 -1 -1 -1 -1 
72 16 110 288 170 422 -1 -1 -1 -1 
72 18 521 155 587 325 -1 -1 -1 -1 
72 22 1083 0 1124 77 -1 -1 -1 -1 
73 2 1658 54 1718 201 -1 -1 -1 -1 
73 4 996 152 1052 309 -1 -1 -1 -1 
73 6 1761 406 1861 654 -1 -1 -1 -1 
73 7 1618 836 1741 1079 -1 -1 -1 -1 
73 8 567 598 699 851 -1 -1 -1 -1 
73 10 1033 12 1096 172 -1 -1 -1 -1 
73 11 934 140 999 305 -1 -1 -1 -1 
73 13 1526 0 1590 120 -1 -1 -1 -1 
73 15 903 696 1027 934 -1 -1 -1 -1 
73 16 110 287 170 422 -1 -1 -1 -1 
73 22 1084 0 1126 80 -1 -1 -1 -1 
74 2 1658 53 1717 198 -1 -1 -1 -1 
74 4 999 150 1055 307 -1 -1 -1 -1 
74 6 1764 413 1860 656 -1 -1 -1 -1 
74 7 1616 839 1738 1079 -1 -1 -1 -1 
74 8 558 604 695 867 -1 -1 -1 -1 
74 10 1035 14 1097 173 -1 -1 -1 -1 
74 11 935 139 1001 306 -1 -1 -1 -1 
74 13 1533 0 1597 118 -1 -1 -1 -1 
74 15 907 690 1033 935 -1 -1 -1 -1 
74 16 110 287 170 422 -1 -1 -1 -1 
74 22 1084 0 1127 82 -1 -1 -1 -1 
75 2 1657 51 1716 197 -1 -1 -1 -1 
75 4 1003 151 1059 306 -1 -1 -1 -1 
75 6 1762 421 1857 661 -1 -1 -1 -1 
75 7 1614 841 1737 1079 -1 -1 -1 -1 
75 8 550 612 686 872 -1 -1 -1 -1 
75 10 1037 12 1100 172 -1 -1 -1 -1 
75 11 937 138 1004 306 -1 -1 -1 -1 
75 13 1534 0 1598 117 -1 -1 -1 -1 
75 15 908 687 1034 933 -1 -1 -1 -1 
75 16 110 287 170 422 -1 -1 -1 -1 
75 22 1084 0 1128 82 -1 -1 -1 -1 
76 2 1657 50 1715 194 -1 -1 -1 -1 
76 4 1005 149 1062 305 -1 -1 -1 -1 
76 6 1760 423 1856 661 -1 -1 -1 -1 
76 7 1614 846 1736 1079 -1 -1 -1 -1 
76 8 546 617 679 874 -1 -1 -1 -1 
76 10 1038 11 1100 171 -1 -1 -1 -1 
76 11 939 137 1006 304 -1 -1 -1 -1 
76 13 1536 0 1598 114 -1 -1 -1 -1 
76 15 912 684 1037 928 -1 -1 -1 -1 
76 16 110 287 170 422 -1 -1 -1 -1 
76 18 535 155 596 312 -1 -1 -1 -1 
76 22 1084 0 1129 83 -1 -1 -1 -1 
77 2 1656 47 1715 193 -1 -1 -1 -1 
77 4 1008 146 1066 306 -1 -1 -1 -1 
77 6 1761 425 1857 661 -1 -1 -1 -1 
77 7 1613 851 1733 1079 -1 -1 -1 -1 
77 8 541 618 675 875 -1 -1 -1 -1 
77 10 1038 8 1100 170 -1 -1 -1 -1 
77 11 945 137 1010 299 -1 -1 -1 -1 
77 13 1536 0 1597 114 -1 -1 -1 -1 
77 15 915 683 1039 923 -1 -1 -1 -1 
77 16 110 287 170 422 -1 -1 -1 -1 
77 18 538 155 598 311 -1 -1 -1 -1 
77 22 1085 0 1130 84 -1 -1 -1 -1 
78 2 1656 45 1715 192 -1 -1 -1 -1 
78 4 1011 143 1069 307 -1 -1 -1 -1 
78 6 1760 426 1856 661 -1 -1 -1 -1 
78 7 1612 859 1728 1078 -1 -1 -1 -1 
78 8 535 617 675 884 -1 -1 -1 -1 
78 10 1038 7 1101 171 -1 -1 -1 -1 
78 11 948 135 1013 296 -1 -1 -1 -1 
78 13 1539 0 1600 113 -1 -1 -1 -1 
78 15 918 681 1043 925 -1 -1 -1 -1 
78 22 1084 0 1130 85 -1 -1 -1 -1 
79 2 1656 45 1715 191 -1 -1 -1 -1 
79 4 1014 140 1071 304 -1 -1 -1 -1 
79 6 1759 422 1857 664 -1 -1 -1 -1 
79 7 1613 865 1727 1078 -1 -1 -1 -1 
79 8 533 617 669 878 -1 -1 -1 -1 
79 10 1038 8 1101 170 -1 -1 -1 -1 
79 11 952 134 1015 293 -1 -1 -1 -1 
79 13 1539 0 1601 113 -1 -1 -1 -1 
79 15 922 677 1045 917 -1 -1 -1 -1 
79 22 1084 0 1131 84 -1 -1 -1 -1 
80 2 1657 45 1714 190 -1 -1 -1 -1 
80 4 1017 136 1074 300 -1 -1 -1 -1 
80 6 1758 422 1856 664 -1 -1 -1 -1 
80 7 1613 871 1728 1079 -1 -1 -1 -1 
80 8 528 618 665 877 -1 -1 -1 -1 
80 10 1042 14 1102 167 -1 -1 -1 -1 
80 11 955 131 1018 291 -1 -1 -1 -1 
80 13 1542 0 1603 112 -1 -1 -1 -1 
80 15 927 672 1046 905 -1 -1 -1 -1 
80 16 110 287 170 422 -1 -1 -1 -1 
80 22 1084 0 1130 83 -1 -1 -1 -1 
81 2 1658 46 1715 189 -1 -1 -1 -1 
81 4 1019 134 1077 300 -1 -1 -1 -1 
81 6 1758 422 1856 664 -1 -1 -1 -1 
81 7 1610 877 1723 1079 -1 -1 -1 -1 
81 8 524 621 659 879 -1 -1 -1 -1 
81 10 1047 15 1105 165 -1 -1 -1 -1 
81 11 956 130 1020 291 -1 -1 -1 -1 
81 13 1544 0 1605 112 -1 -1 -1 -1 
81 15 931 667 1048 893 -1 -1 -1 -1 
81 16 109 287 170 422 -1 -1 -1 -1 
81 22 1085 0 1132 84 -1 -1 -1 -1 
82 2 1657 45 1715 189 -1 -1 -1 -1 
82 4 1021 133 1077 298 -1 -1 -1 -1 
82 6 1757 425 1855 668 -1 -1 -1 -1 
82 7 1607 881 1720 1079 -1 -1 -1 -1 
82 8 517 623 654 884 -1 -1 -1 -1 
82 10 1049 16 1107 164 -1 -1 -1 -1 
82 11 957 127 1021 290 -1 -1 -1 -1 
82 13 1544 0 1605 113 -1 -1 -1 -1 
82 15 936 663 1053 888 -1 -1 -1 -1 
82 16 109 287 170 422 -1 -1 -1 -1 
82 22 1085 0 1133 84 -1 -1 -1 -1 
83 2 1658 44 1716 189 -1 -1 -1 -1 
83 4 1022 134 1078 296 -1 -1 -1 -1 
83 5 1021 15 1067 145 -1 -1 -1 -1 
83 6 1752 428 1852 673 -1 -1 -1 -1 
83 7 1603 887 1715 1079 -1 -1 -1 -1 
83 8 512 626 650 891 -1 -1 -1 -1 
83 10 1051 18 1108 163 -1 -1 -1 -1 
83 11 959 126 1023 290 -1 -1 -1 -1 
83 13 1545 0 1606 112 -1 -1 -1 -1 
83 15 938 659 1056 885 -1 -1 -1 -1 
83 22 1085 1 1134 87 -1 -1 -1 -1 
84 2 1659 46 1715 188 -1 -1 -1 -1 
84 4 1024 137 1078 295 -1 -1 -1 -1 
84 5 1019 12 1067 147 -1 -1 -1 -1 
84 6 1747 429 1849 679 -1 -1 -1 -1 
84 7 1602 891 1714 1078 -1 -1 -1 -1 
84 8 505 631 647 902 -1 -1 -1 -1 
84 10 1052 15 1109 162 -1 -1 -1 -1 
84 11 962 127 1027 291 -1 -1 -1 -1 
84 15 940 653 1062 886 -1 -1 -1 -1 
84 16 110 287 170 422 -1 -1 -1 -1 
84 22 1085 2 1135 89 -1 -1 -1 -1 
85 2 1659 46 1717 189 -1 -1 -1 -1 
85 4 1028 139 1081 295 -1 -1 -1 -1 
85 5 1018 12 1065 145 -1 -1 -1 -1 
85 6 1745 432 1848 683 -1 -1 -1 -1 
85 7 1598 896 1710 1078 -1 -1 -1 -1 
85 8 497 640 641 917 -1 -1 -1 -1 
85 10 1053 7 1112 159 -1 -1 -1 -1 
85 11 965 128 1028 287 -1 -1 -1 -1 
85 12 988 136 1071 289 -1 -1 -1 -1 
85 13 1549 0 1608 108 -1 -1 -1 -1 
85 15 945 652 1067 884 -1 -1 -1 -1 
85 16 110 287 170 422 -1 -1 -1 -1 
85 18 557 154 617 305 -1 -1 -1 -1 
85 22 1085 2 1136 90 -1 -1 -1 -1 
86 2 1661 44 1718 186 -1 -1 -1 -1 
86 4 1032 139 1084 294 -1 -1 -1 -1 
86 5 1017 14 1063 146 -1 -1 -1 -1 
86 6 1743 437 1847 687 -1 -1 -1 -1 
86 7 1594 898 1706 1078 -1 -1 -1 -1 
86 8 493 645 637 922 -1 -1 -1 -1 
86 10 1053 11 1111 159 -1 -1 -1 -1 
86 11 968 128 1030 286 -1 -1 -1 -1 
86 12 986 141 1070 296 -1 -1 -1 -1 
86 13 1552 0 1609 105 -1 -1 -1 -1 
86 15 950 649 1071 883 -1 -1 -1 -1 
86 16 110 288 170 423 -1 -1 -1 -1 
86 18 561 149 623 303 -1 -1 -1 -1 
86 22 1087 1 1129 73 -1 -1 -1 -1 
87 2 1661 40 1719 185 -1 -1 -1 -1 
87 4 1036 141 1088 294 -1 -1 -1 -1 
87 5 1016 12 1062 149 -1 -1 -1 -1 
87 6 1741 442 1846 693 -1 -1 -1 -1 
87 7 1592 903 1703 1076 -1 -1 -1 -1 
87 8 486 649 633 935 -1 -1 -1 -1 
87 10 1055 12 1112 159 -1 -1 -1 -1 
87 11 970 128 1033 285 -1 -1 -1 -1 
87 13 1553 0 1609 104 -1 -1 -1 -1 
87 15 953 647 1075 882 -1 -1 -1 -1 
87 16 109 288 170 423 -1 -1 -1 -1 
87 18 565 152 625 300 -1 -1 -1 -1 
87 22 1088 1 1129 72 -1 -1 -1 -1 
88 2 1662 37 1720 184 -1 -1 -1 -1 
88 4 1039 140 1090 293 -1 -1 -1 -1 
88 5 1015 14 1061 151 -1 -1 -1 -1 
88 6 1739 446 1844 697 -1 -1 -1 -1 
88 7 1591 906 1702 1076 -1 -1 -1 -1 
88 8 481 651 628 939 -1 -1 -1 -1 
88 10 1055 14 1112 158 -1 -1 -1 -1 
88 11 973 128 1036 286 -1 -1 -1 -1 
88 13 1554 0 1608 104 -1 -1 -1 -1 
88 15 956 645 1078 880 -1 -1 -1 -1 
88 16 109 288 170 423 -1 -1 -1 -1 
88 18 567 145 629 298 -1 -1 -1 -1 
89 2 1663 36 1720 182 -1 -1 -1 -1 
89 4 1040 137 1091 290 -1 -1 -1 -1 
89 5 1015 17 1060 151 -1 -1 -1 -1 
89 6 1735 448 1841 701 -1 -1 -1 -1 
89 7 1588 910 1697 1074 -1 -1 -1 -1 
89 8 476 654 623 941 -1 -1 -1 -1 
89 10 1057 16 1112 157 -1 -1 -1 -1 
89 11 977 127 1042 287 -1 -1 -1 -1 
89 13 1555 0 1609 103 -1 -1 -1 -1 
89 15 960 643 1082 879 -1 -1 -1 -1 
89 16 109 287 170 423 -1 -1 -1 -1 
89 18 569 135 634 298 -1 -1 -1 -1 
90 2 1664 34 1722 181 -1 -1 -1 -1 
90 4 1042 133 1094 286 -1 -1 -1 -1 
90 5 1015 20 1058 148 -1 -1 -1 -1 
90 6 1732 450 1838 701 -1 -1 -1 -1 
90 7 1587 920 1691 1073 -1 -1 -1 -1 
90 8 470 655 614 939 -1 -1 -1 -1 
90 10 1058 15 1113 155 -1 -1 -1 -1 
90 11 979 124 1044 285 -1 -1 -1 -1 
90 13 1557 0 1610 101 -1 -1 -1 -1 
90 15 962 640 1084 877 -1 -1 -1 -1 
90 16 110 287 170 423 -1 -1 -1 -1 
90 18 573 137 635 296 -1 -1 -1 -1 
91 2 1664 33 1723 179 -1 -1 -1 -1 
91 4 1044 132 1096 283 -1 -1 -1 -1 
91 5 1013 21 1056 146 -1 -1 -1 -1 
91 6 1729 451 1835 702 -1 -1 -1 -1 
91 7 1587 931 1688 1075 -1 -1 -1 -1 
91 8 466 659 608 940 -1 -1 -1 -1 
91 10 1060 14 1114 153 -1 -1 -1 -1 
91 11 981 123 1045 282 -1 -1 -1 -1 
91 13 1559 0 1613 100 -1 -1 -1 -1 
91 15 966 637 1087 872 -1 -1 -1 -1 
91 16 109 287 170 423 -1 -1 -1 -1 
91 18 576 136 638 294 -1 -1 -1 -1 
92 2 1664 31 1723 178 -1 -1 -1 -1 
92 4 1048 132 1099 281 -1 -1 -1 -1 
92 5 1012 21 1054 146 -1 -1 -1 -1 
92 6 1727 452 1833 703 -1 -1 -1 -1 
92 7 1588 939 1686 1075 -1 -1 -1 -1 
92 8 463 664 602 941 -1 -1 -1 -1 
92 10 1062 12 1116 150 -1 -1 -1 -1 
92 11 983 121 1045 277 -1 -1 -1 -1 
92 13 1561 0 1614 99 -1 -1 -1 -1 
92 15 973 631 1091 861 -1 -1 -1 -1 
92 16 110 287 170 423 -1 -1 -1 -1 
93 2 1664 31 1723 177 -1 -1 -1 -1 
93 4 1051 131 1103 279 -1 -1 -1 -1 
93 6 1725 452 1832 704 -1 -1 -1 -1 
93 7 1588 945 1683 1076 -1 -1 -1 -1 
93 8 459 669 597 943 -1 -1 -1 -1 
93 10 1063 11 1116 149 -1 -1 -1 -1 
93 11 986 118 1047 274 -1 -1 -1 -1 
93 15 977 630 1091 851 -1 -1 -1 -1 
93 16 109 287 170 423 -1 -1 -1 -1 
94 2 1665 31 1723 176 -1 -1 -1 -1 
94 4 1054 130 1106 279 -1 -1 -1 -1 
94 6 1722 452 1830 705 -1 -1 -1 -1 
94 7 1588 949 1683 1077 -1 -1 -1 -1 
94 8 453 671 592 949 -1 -1 -1 -1 
94 10 1065 10 1117 147 -1 -1 -1 -1 
94 11 988 115 1050 274 -1 -1 -1 -1 
94 15 980 625 1094 848 -1 -1 -1 -1 
94 16 109 288 170 423 -1 -1 -1 -1 
95 2 1666 31 1724 175 -1 -1 -1 -1 
95 4 1055 130 1109 279 -1 -1 -1 -1 
95 5 1009 23 1047 131 -1 -1 -1 -1 
95 6 1719 453 1829 709 -1 -1 -1 -1 
95 7 1589 955 1682 1077 -1 -1 -1 -1 
95 8 446 675 588 959 -1 -1 -1 -1 
95 10 1067 12 1119 148 -1 -1 -1 -1 
95 11 992 118 1052 270 -1 -1 -1 -1 
95 15 982 620 1096 842 -1 -1 -1 -1 
95 16 109 288 170 424 -1 -1 -1 -1 
95 18 593 156 646 291 -1 -1 -1 -1 
96 2 1666 32 1723 174 -1 -1 -1 -1 
96 4 1058 127 1114 281 -1 -1 -1 -1 
96 5 1007 25 1043 128 -1 -1 -1 -1 
96 6 1717 458 1826 712 -1 -1 -1 -1 
96 7 1592 961 1683 1078 -1 -1 -1 -1 
96 8 442 682 582 963 -1 -1 -1 -1 
96 10 1071 15 1122 148 -1 -1 -1 -1 
96 11 995 117 1054 269 -1 -1 -1 -1 
96 15 985 617 1099 837 -1 -1 -1 -1 
96 16 109 288 170 424 -1 -1 -1 -1 
96 18 597 160 649 291 -1 -1 -1 -1 
97 2 1666 32 1723 175 -1 -1 -1 -1 
97 4 1061 125 1117 280 -1 -1 -1 -1 
97 5 1005 25 1041 130 -1 -1 -1 -1 
97 6 1713 460 1822 715 -1 -1 -1 -1 
97 7 1594 966 1682 1078 -1 -1 -1 -1 
97 8 437 690 577 972 -1 -1 -1 -1 
97 10 1074 15 1125 149 -1 -1 -1 -1 
97 11 996 116 1055 267 -1 -1 -1 -1 
97 15 986 614 1102 835 -1 -1 -1 -1 
97 16 109 288 170 424 -1 -1 -1 -1 
97 18 600 161 651 290 -1 -1 -1 -1 
98 2 1666 32 1723 174 -1 -1 -1 -1 
98 4 1063 122 1120 280 -1 -1 -1 -1 
98 5 1002 23 1040 135 -1 -1 -1 -1 
98 6 1711 465 1821 721 -1 -1 -1 -1 
98 7 1596 970 1683 1078 -1 -1 -1 -1 
98 8 430 695 577 989 -1 -1 -1 -1 
98 10 1074 13 1128 152 -1 -1 -1 -1 
98 11 999 113 1059 267 -1 -1 -1 -1 
98 15 987 611 1104 833 -1 -1 -1 -1 
98 16 110 288 170 424 -1 -1 -1 -1 
98 18 601 155 654 289 -1 -1 -1 -1 
99 2 1666 30 1723 173 -1 -1 -1 -1 
99 4 1066 121 1123 278 -1 -1 -1 -1 
99 5 1001 23 1040 139 -1 -1 -1 -1 
99 6 1710 470 1819 725 -1 -1 -1 -1 
99 7 1599 974 1683 1078 -1 -1 -1 -1 
99 8 423 702 570 994 -1 -1 -1 -1 
99 10 1078 13 1132 152 -1 -1 -1 -1 
99 11 1004 118 1062 267 -1 -1 -1 -1 
99 15 989 607 1108 835 -1 -1 -1 -1 
99 16 110 287 170 423 -1 -1 -1 -1 
99 18 604 155 656 288 -1 -1 -1 -1 
100 2 1667 28 1725 173 -1 -1 -1 -1 
100 4 1069 119 1125 274 -1 -1 -1 -1 
100 5 996 28 1036 147 -1 -1 -1 -1 
100 6 1708 475 1818 730 -1 -1 -1 -1 
100 7 1602 979 1683 1078 -1 -1 -1 -1 
100 8 418 704 564 997 -1 -1 -1 -1 
100 10 1081 15 1134 150 -1 -1 -1 -1 
100 11 1005 120 1063 268 -1 -1 -1 -1 
100 15 993 607 1113 836 -1 -1 -1 -1 
100 16 110 287 170 423 -1 -1 -1 -1 
100 18 602 137 659 283 -1 -1 -1 -1 
101 2 1667 27 1725 169 -1 -1 -1 -1 
101 4 1072 117 1126 271 -1 -1 -1 -1 
101 5 993 30 1034 151 -1 -1 -1 -1 
101 6 1706 480 1818 740 -1 -1 -1 -1 
101 7 1605 986 1682 1078 -1 -1 -1 -1 
101 8 415 711 556 992 -1 -1 -1 -1 
101 10 1083 14 1136 149 -1 -1 -1 -1 
101 11 1007 117 1066 267 -1 -1 -1 -1 
101 15 996 605 1116 835 -1 -1 -1 -1 
101 16 110 287 170 423 -1 -1 -1 -1 
101 18 605 129 663 281 -1 -1 -1 -1 
102 2 1668 25 1725 167 -1 -1 -1 -1 
102 4 1076 116 1129 270 -1 -1 -1 -1 
102 5 991 34 1031 151 -1 -1 -1 -1 
102 6 1704 483 1817 745 -1 -1 -1 -1 
102 7 1606 994 1678 1079 -1 -1 -1 -1 
102 8 409 715 550 996 -1 -1 -1 -1 
102 10 1085 13 1139 146 -1 -1 -1 -1 
102 11 1008 113 1068 266 -1 -1 -1 -1 
102 15 1000 602 1120 833 -1 -1 -1 -1 
102 16 110 287 170 422 -1 -1 -1 -1 
102 18 610 133 665 279 -1 -1 -1 -1 
103 2 1668 23 1725 166 -1 -1 -1 -1 
103 4 1078 118 1130 269 -1 -1 -1 -1 
103 5 990 37 1029 151 -1 -1 -1 -1 
103 6 1702 487 1815 748 -1 -1 -1 -1 
103 7 1607 1000 1676 1079 -1 -1 -1 -1 
103 8 403 718 547 1003 -1 -1 -1 -1 
103 10 1086 12 1139 142 -1 -1 -1 -1 
103 11 1010 113 1068 259 -1 -1 -1 -1 
103 15 1003 598 1121 827 -1 -1 -1 -1 
103 16 110 287 170 422 -1 -1 -1 -1 
103 18 613 135 667 277 -1 -1 -1 -1 
104 2 1668 20 1726 164 -1 -1 -1 -1 
104 4 1080 118 1132 270 -1 -1 -1 -1 
104 5 988 40 1027 152 -1 -1 -1 -1 
104 6 1701 490 1814 752 -1 -1 -1 -1 
104 7 1611 1008 1675 1078 -1 -1 -1 -1 
104 8 398 720 541 1002 -1 -1 -1 -1 
104 10 1088 10 1141 141 -1 -1 -1 -1 
104 11 1012 108 1071 258 -1 -1 -1 -1 
104 15 1006 594 1122 816 -1 -1 -1 -1 
104 16 110 287 170 422 -1 -1 -1 -1 
104 18 616 134 669 275 -1 -1 -1 -1 
105 2 1668 18 1727 164 -1 -1 -1 -1 
105 4 1082 117 1133 268 -1 -1 -1 -1 
105 5 984 39 1024 153 -1 -1 -1 -1 
105 6 1700 491 1814 754 -1 -1 -1 -1 
105 7 1612 1015 1671 1078 -1 -1 -1 -1 
105 8 395 723 534 997 -1 -1 -1 -1 
105 10 1090 8 1144 136 -1 -1 -1 -1 
105 11 1015 108 1074 257 -1 -1 -1 -1 
105 15 1008 587 1125 811 -1 -1 -1 -1 
105 16 110 287 170 422 -1 -1 -1 -1 
106 2 1669 17 1728 163 -1 -1 -1 -1 
106 4 1084 115 1136 268 -1 -1 -1 -1 
106 5 981 38 1022 154 -1 -1 -1 -1 
106 6 1700 492 1814 755 -1 -1 -1 -1 
106 7 1614 1022 1669 1078 -1 -1 -1 -1 
106 8 388 728 527 999 -1 -1 -1 -1 
106 10 1092 6 1145 132 -1 -1 -1 -1 
106 11 1018 106 1077 255 -1 -1 -1 -1 
106 15 1010 583 1130 810 -1 -1 -1 -1 
106 16 109 287 170 423 -1 -1 -1 -1 
107 2 1670 16 1728 162 -1 -1 -1 -1 
107 4 1086 114 1138 269 -1 -1 -1 -1 
107 5 978 36 1020 155 -1 -1 -1 -1 
107 6 1700 492 1814 755 -1 -1 -1 -1 
107 7 1617 1028 1666 1077 -1 -1 -1 -1 
107 8 378 731 520 1010 -1 -1 -1 -1 
107 10 1092 3 1146 131 -1 -1 -1 -1 
107 11 1021 103 1081 253 -1 -1 -1 -1 
107 13 1579 0 1624 86 -1 -1 -1 -1 
107 15 1016 578 1136 809 -1 -1 -1 -1 
107 16 110 286 170 423 -1 -1 -1 -1 
107 18 624 129 680 272 -1 -1 -1 -1 
108 2 1670 16 1728 162 -1 -1 -1 -1 
108 4 1088 113 1139 266 -1 -1 -1 -1 
108 5 976 35 1019 156 -1 -1 -1 -1 
108 6 1699 493 1813 755 -1 -1 -1 -1 
108 8 367 734 518 1035 -1 -1 -1 -1 
108 10 1093 2 1148 128 -1 -1 -1 -1 
108 11 1023 101 1084 251 -1 -1 -1 -1 
108 13 1579 0 1624 86 -1 -1 -1 -1 
108 15 1022 578 1138 802 -1 -1 -1 -1 
108 16 110 286 170 423 -1 -1 -1 -1 
108 18 627 129 685 271 -1 -1 -1 -1 
109 2 1671 17 1729 162 -1 -1 -1 -1 
109 4 1091 112 1141 261 -1 -1 -1 -1 
109 5 975 35 1018 157 -1 -1 -1 -1 
109 6 1697 493 1812 758 -1 -1 -1 -1 
109 8 361 743 511 1043 -1 -1 -1 -1 
109 10 1093 3 1147 124 -1 -1 -1 -1 
109 11 1024 101 1085 251 -1 -1 -1 -1 
109 13 1580 0 1624 86 -1 -1 -1 -1 
109 15 1025 577 1140 800 -1 -1 -1 -1 
109 16 110 287 169 423 -1 -1 -1 -1 
109 18 630 131 688 269 -1 -1 -1 -1 
109 23 1612 4 1660 89 -1 -1 -1 -1 
110 2 1673 18 1730 161 -1 -1 -1 -1 
110 4 1093 108 1144 259 -1 -1 -1 -1 
110 5 974 35 1018 158 -1 -1 -1 -1 
110 6 1695 496 1811 763 -1 -1 -1 -1 
110 8 355 749 506 1051 -1 -1 -1 -1 
110 10 1094 5 1147 123 -1 -1 -1 -1 
110 11 1026 101 1088 252 -1 -1 -1 -1 
110 13 1581 0 1625 85 -1 -1 -1 -1 
110 15 1027 574 1143 798 -1 -1 -1 -1 
110 16 110 287 170 422 -1 -1 -1 -1 
110 18 633 130 691 267 -1 -1 -1 -1 
110 23 1614 6 1660 88 -1 -1 -1 -1 
111 2 1675 21 1730 160 -1 -1 -1 -1 
111 4 1095 105 1147 259 -1 -1 -1 -1 
111 5 973 37 1017 161 -1 -1 -1 -1 
111 6 1693 500 1808 764 -1 -1 -1 -1 
111 8 348 756 498 1057 -1 -1 -1 -1 
111 10 1095 6 1147 122 -1 -1 -1 -1 
111 11 1027 100 1091 253 -1 -1 -1 -1 
111 13 1580 0 1624 86 -1 -1 -1 -1 
111 15 1030 575 1144 795 -1 -1 -1 -1 
111 16 110 287 170 423 -1 -1 -1 -1 
111 18 634 131 692 268 -1 -1 -1 -1 
111 23 1618 6 1662 85 -1 -1 -1 -1 
112 2 1676 20 1731 159 -1 -1 -1 -1 
112 4 1096 105 1149 259 -1 -1 -1 -1 
112 5 972 41 1016 163 -1 -1 -1 -1 
112 6 1691 506 1804 766 -1 -1 -1 -1 
112 8 342 760 492 1064 -1 -1 -1 -1 
112 10 1096 7 1148 122 -1 -1 -1 -1 
112 11 1029 102 1092 252 -1 -1 -1 -1 
112 13 1581 0 1624 86 -1 -1 -1 -1 
112 15 1032 572 1145 790 -1 -1 -1 -1 
112 16 110 287 170 423 -1 -1 -1 -1 
112 18 634 128 693 268 -1 -1 -1 -1 
112 23 1619 2 1663 82 -1 -1 -1 -1 
113 2 1677 19 1732 158 -1 -1 -1 -1 
113 4 1099 104 1151 258 -1 -1 -1 -1 
113 5 970 41 1014 164 -1 -1 -1 -1 
113 6 1689 511 1802 769 -1 -1 -1 -1 
113 8 336 767 484 1066 -1 -1 -1 -1 
113 10 1098 7 1149 121 -1 -1 -1 -1 
113 11 1031 103 1094 253 -1 -1 -1 -1 
113 13 1598 0 1644 84 -1 -1 -1 -1 
113 15 1036 571 1147 783 -1 -1 -1 -1 
113 16 110 287 170 423 -1 -1 -1 -1 
113 18 636 116 700 269 -1 -1 -1 -1 
113 23 1621 1 1664 81 -1 -1 -1 -1 
114 2 1677 18 1732 157 -1 -1 -1 -1 
114 4 1102 105 1153 255 -1 -1 -1 -1 
114 5 969 42 1012 164 -1 -1 -1 -1 
114 6 1688 514 1800 772 -1 -1 -1 -1 
114 8 330 771 476 1066 -1 -1 -1 -1 
114 10 1099 7 1151 124 -1 -1 -1 -1 
114 11 1031 100 1096 256 -1 -1 -1 -1 
114 13 1601 1 1646 83 -1 -1 -1 -1 
114 15 1039 569 1148 778 -1 -1 -1 -1 
114 16 110 287 170 423 -1 -1 -1 -1 
114 18 638 110 705 269 -1 -1 -1 -1 
114 23 1621 0 1664 81 -1 -1 -1 -1 
115 2 1679 16 1734 157 -1 -1 -1 -1 
115 4 1104 103 1156 254 -1 -1 -1 -1 
115 5 967 42 1011 165 -1 -1 -1 -1 
115 6 1688 519 1798 773 -1 -1 -1 -1 
115 8 323 773 468 1066 -1 -1 -1 -1 
115 10 1100 6 1152 122 -1 -1 -1 -1 
115 11 1033 98 1098 254 -1 -1 -1 -1 
115 13 1604 0 1650 82 -1 -1 -1 -1 
115 15 1041 564 1150 770 -1 -1 -1 -1 
115 16 110 287 170 423 -1 -1 -1 -1 
115 18 642 108 710 267 -1 -1 -1 -1 
115 23 1623 0 1665 81 -1 -1 -1 -1 
116 2 1679 15 1734 156 -1 -1 -1 -1 
116 4 1106 102 1159 257 -1 -1 -1 -1 
116 5 967 47 1009 165 -1 -1 -1 -1 
116 6 1687 524 1797 774 -1 -1 -1 -1 
116 8 317 774 465 1073 -1 -1 -1 -1 
116 10 1101 6 1154 121 -1 -1 -1 -1 
116 11 1035 96 1099 249 -1 -1 -1 -1 
116 13 1607 0 1653 81 -1 -1 -1 -1 
116 15 1043 559 1153 766 -1 -1 -1 -1 
116 16 110 287 170 423 -1 -1 -1 -1 
116 18 644 100 713 263 -1 -1 -1 -1 
116 23 1624 1 1665 81 -1 -1 -1 -1 
117 2 1679 14 1735 155 -1 -1 -1 -1 
117 4 1108 102 1162 256 -1 -1 -1 -1 
117 5 965 48 1008 166 -1 -1 -1 -1 
117 6 1683 528 1793 776 -1 -1 -1 -1 
117 8 309 776 455 1071 -1 -1 -1 -1 
117 10 1102 5 1153 117 -1 -1 -1 -1 
117 11 1036 93 1101 248 -1 -1 -1 -1 
117 15 1044 555 1155 763 -1 -1 -1 -1 
117 16 110 287 170 423 -1 -1 -1 -1 
117 18 646 95 716 261 -1 -1 -1 -1 
117 23 1625 0 1665 81 -1 -1 -1 -1 
118 2 1680 13 1736 154 -1 -1 -1 -1 
118 4 1109 102 1163 255 -1 -1 -1 -1 
118 5 963 47 1006 167 -1 -1 -1 -1 
118 6 1679 530 1789 779 -1 -1 -1 -1 
118 8 305 780 448 1069 -1 -1 -1 -1 
118 10 1104 4 1154 115 -1 -1 -1 -1 
118 11 1040 92 1104 247 -1 -1 -1 -1 
118 15 1047 552 1158 759 -1 -1 -1 -1 
118 16 110 287 170 423 -1 -1 -1 -1 
118 18 649 91 719 260 -1 -1 -1 -1 
118 23 1626 0 1666 80 -1 -1 -1 -1 
119 2 1680 12 1736 153 -1 -1 -1 -1 
119 4 1112 99 1166 252 -1 -1 -1 -1 
119 5 961 46 1004 166 -1 -1 -1 -1 
119 6 1678 532 1789 783 -1 -1 -1 -1 
119 8 300 788 442 1072 -1 -1 -1 -1 
119 10 1104 5 1156 118 -1 -1 -1 -1 
119 11 1042 91 1105 247 -1 -1 -1 -1 
119 15 1050 550 1163 762 -1 -1 -1 -1 
119 16 110 287 170 423 -1 -1 -1 -1 
119 23 1622 0 1663 80 -1 -1 -1 -1 
119 24 5 591 50 789 -1 -1 -1 -1 
120 2 1680 12 1736 152 -1 -1 -1 -1 
120 4 1116 98 1170 251 -1 -1 -1 -1 
120 5 959 46 1002 167 -1 -1 -1 -1 
120 6 1674 533 1788 791 -1 -1 -1 -1 
120 8 296 797 435 1073 -1 -1 -1 -1 
120 10 1105 6 1158 125 -1 -1 -1 -1 
120 11 1045 88 1107 244 -1 -1 -1 -1 
120 15 1053 547 1166 759 -1 -1 -1 -1 
120 16 110 287 169 423 -1 -1 -1 -1 
120 23 1621 0 1661 78 -1 -1 -1 -1 
120 24 3 565 54 789 -1 -1 -1 -1 
121 2 1681 12 1737 152 -1 -1 -1 -1 
121 4 1118 99 1172 249 -1 -1 -1 -1 
121 5 956 45 1001 170 -1 -1 -1 -1 
121 6 1671 535 1787 797 -1 -1 -1 -1 
121 8 290 803 428 1072 -1 -1 -1 -1 
121 10 1106 7 1159 128 -1 -1 -1 -1 
121 11 1047 87 1110 243 -1 -1 -1 -1 
121 15 1055 544 1168 757 -1 -1 -1 -1 
121 16 110 287 170 423 -1 -1 -1 -1 
121 23 1623 0 1663 77 -1 -1 -1 -1 
121 24 4 551 58 788 -1 -1 -1 -1 
121 25 1577 0 1618 64 -1 -1 -1 -1 
122 2 1682 12 1738 153 -1 -1 -1 -1 
122 4 1120 99 1173 247 -1 -1 -1 -1 
122 5 954 46 999 171 -1 -1 -1 -1 
122 6 1668 537 1786 804 -1 -1 -1 -1 
122 8 287 813 420 1070 -1 -1 -1 -1 
122 10 1108 9 1161 128 -1 -1 -1 -1 
122 11 1049 85 1112 244 -1 -1 -1 -1 
122 15 1056 542 1171 756 -1 -1 -1 -1 
122 16 110 288 170 423 -1 -1 -1 -1 
122 23 1619 0 1660 76 -1 -1 -1 -1 
122 24 5 543 62 787 -1 -1 -1 -1 
122 25 1575 0 1616 63 -1 -1 -1 -1 
123 2 1682 11 1738 151 -1 -1 -1 -1 
123 4 1124 100 1175 244 -1 -1 -1 -1 
123 5 952 48 997 173 -1 -1 -1 -1 
123 6 1668 538 1788 812 -1 -1 -1 -1 
123 8 282 821 415 1070 -1 -1 -1 -1 
123 10 1111 8 1162 123 -1 -1 -1 -1 
123 11 1053 86 1115 243 -1 -1 -1 -1 
123 13 1595 0 1638 77 -1 -1 -1 -1 
123 15 1059 539 1174 756 -1 -1 -1 -1 
123 16 110 288 170 423 -1 -1 -1 -1 
123 23 1624 1 1664 78 -1 -1 -1 -1 
123 24 6 538 65 789 -1 -1 -1 -1 
123 25 1574 0 1615 62 -1 -1 -1 -1 
124 2 1682 11 1738 153 -1 -1 -1 -1 
124 4 1126 101 1176 242 -1 -1 -1 -1 
124 5 951 50 995 172 -1 -1 -1 -1 
124 6 1665 541 1787 819 -1 -1 -1 -1 
124 8 275 826 409 1070 -1 -1 -1 -1 
124 10 1114 6 1163 118 -1 -1 -1 -1 
124 11 1055 86 1117 243 -1 -1 -1 -1 
124 13 1595 1 1638 77 -1 -1 -1 -1 
124 15 1063 538 1175 747 -1 -1 -1 -1 
124 16 110 288 170 424 -1 -1 -1 -1 
124 23 1627 1 1667 78 -1 -1 -1 -1 
124 24 8 534 69 788 -1 -1 -1 -1 
124 25 1575 0 1619 67 -1 -1 -1 -1 
125 2 1683 11 1739 151 -1 -1 -1 -1 
125 4 1128 101 1178 243 -1 -1 -1 -1 
125 5 950 53 993 173 -1 -1 -1 -1 
125 6 1663 546 1785 827 -1 -1 -1 -1 
125 8 268 830 403 1072 -1 -1 -1 -1 
125 10 1116 4 1167 117 -1 -1 -1 -1 
125 11 1058 86 1120 244 -1 -1 -1 -1 
125 15 1066 536 1175 738 -1 -1 -1 -1 
125 16 110 287 169 423 -1 -1 -1 -1 
125 23 1629 3 1667 78 -1 -1 -1 -1 
125 24 11 531 74 787 -1 -1 -1 -1 
125 25 1575 0 1621 68 -1 -1 -1 -1 
126 2 1684 9 1739 148 -1 -1 -1 -1 
126 4 1130 99 1180 243 -1 -1 -1 -1 
126 5 948 55 991 174 -1 -1 -1 -1 
126 6 1662 549 1782 825 -1 -1 -1 -1 
126 8 262 835 395 1069 -1 -1 -1 -1 
126 10 1119 1 1171 117 -1 -1 -1 -1 
126 11 1059 86 1122 245 -1 -1 -1 -1 
126 15 1068 533 1179 739 -1 -1 -1 -1 
126 16 110 287 169 423 -1 -1 -1 -1 
126 18 669 98 733 255 -1 -1 -1 -1 
126 23 1630 4 1667 77 -1 -1 -1 -1 
126 24 13 528 78 784 -1 -1 -1 -1 
126 25 1575 0 1621 69 -1 -1 -1 -1 
127 2 1684 8 1738 144 -1 -1 -1 -1 
127 4 1132 99 1182 242 -1 -1 -1 -1 
127 5 946 55 988 174 -1 -1 -1 -1 
127 6 1660 554 1780 830 -1 -1 -1 -1 
127 8 254 839 387 1068 -1 -1 -1 -1 
127 10 1120 0 1174 120 -1 -1 -1 -1 
127 11 1061 85 1123 242 -1 -1 -1 -1 
127 13 1611 1 1654 75 -1 -1 -1 -1 
127 15 1070 528 1181 736 -1 -1 -1 -1 
127 16 109 286 170 423 -1 -1 -1 -1 
127 18 671 99 732 252 -1 -1 -1 -1 
127 23 1632 5 1667 76 -1 -1 -1 -1 
127 24 14 528 82 782 -1 -1 -1 -1 
127 25 1561 0 1603 63 -1 -1 -1 -1 
128 2 1685 7 1739 142 -1 -1 -1 -1 
128 4 1134 97 1184 242 -1 -1 -1 -1 
128 5 943 54 986 176 -1 -1 -1 -1 
128 6 1660 560 1779 835 -1 -1 -1 -1 
128 8 245 843 378 1067 -1 -1 -1 -1 
128 10 1122 0 1176 119 -1 -1 -1 -1 
128 11 1062 84 1124 241 -1 -1 -1 -1 
128 13 1597 3 1642 76 -1 -1 -1 -1 
128 15 1071 524 1182 731 -1 -1 -1 -1 
128 16 109 286 170 423 -1 -1 -1 -1 
128 18 674 94 735 250 -1 -1 -1 -1 
128 23 1633 6 1667 75 -1 -1 -1 -1 
128 24 17 529 87 781 -1 -1 -1 -1 
128 25 1557 0 1599 63 -1 -1 -1 -1 
129 2 1685 4 1740 141 -1 -1 -1 -1 
129 4 1136 97 1185 241 -1 -1 -1 -1 
129 5 939 55 983 178 -1 -1 -1 -1 
129 6 1659 566 1780 843 -1 -1 -1 -1 
129 8 237 845 371 1068 -1 -1 -1 -1 
129 10 1123 0 1176 119 -1 -1 -1 -1 
129 11 1064 82 1125 236 -1 -1 -1 -1 
129 13 1592 3 1637 76 -1 -1 -1 -1 
129 15 1074 521 1185 728 -1 -1 -1 -1 
129 16 108 285 170 424 -1 -1 -1 -1 
129 18 677 90 739 249 -1 -1 -1 -1 
129 23 1634 7 1667 75 -1 -1 -1 -1 
129 24 18 529 92 781 -1 -1 -1 -1 
129 25 1556 0 1597 62 -1 -1 -1 -1 
129 26 21 280 92 433 -1 -1 -1 -1 
130 2 1685 3 1741 142 -1 -1 -1 -1 
130 4 1138 96 1187 239 -1 -1 -1 -1 
130 5 937 59 980 179 -1 -1 -1 -1 
130 6 1659 568 1780 846 -1 -1 -1 -1 
130 8 228 846 365 1071 -1 -1 -1 -1 
130 10 1127 0 1179 112 -1 -1 -1 -1 
130 11 1067 82 1127 231 -1 -1 -1 -1 
130 13 1590 2 1637 76 -1 -1 -1 -1 
130 15 1078 520 1187 724 -1 -1 -1 -1 
130 16 108 285 170 424 -1 -1 -1 -1 
130 18 679 89 741 248 -1 -1 -1 -1 
130 24 18 527 96 781 -1 -1 -1 -1 
130 25 1553 0 1595 64 -1 -1 -1 -1 
130 26 21 280 92 434 -1 -1 -1 -1 
131 2 1684 3 1741 141 -1 -1 -1 -1 
131 4 1140 95 1187 234 -1 -1 -1 -1 
131 5 936 60 979 180 -1 -1 -1 -1 
131 6 1660 572 1779 849 -1 -1 -1 -1 
131 8 222 850 358 1072 -1 -1 -1 -1 
131 10 1129 0 1180 109 -1 -1 -1 -1 
131 11 1070 81 1129 227 -1 -1 -1 -1 
131 13 1591 1 1637 74 -1 -1 -1 -1 
131 15 1080 519 1190 722 -1 -1 -1 -1 
131 16 108 285 170 425 -1 -1 -1 -1 
131 18 682 87 743 247 -1 -1 -1 -1 
131 24 21 525 102 779 -1 -1 -1 -1 
131 25 1552 0 1593 63 -1 -1 -1 -1 
131 26 20 280 92 434 -1 -1 -1 -1 
132 2 1684 2 1741 140 -1 -1 -1 -1 
132 4 1141 92 1188 232 -1 -1 -1 -1 
132 5 935 61 977 182 -1 -1 -1 -1 
132 6 1660 574 1780 851 -1 -1 -1 -1 
132 8 216 855 350 1072 -1 -1 -1 -1 
132 10 1131 0 1181 104 -1 -1 -1 -1 
132 11 1072 78 1132 225 -1 -1 -1 -1 
132 13 1594 0 1637 70 -1 -1 -1 -1 
132 15 1081 518 1191 719 -1 -1 -1 -1 
132 16 108 285 171 425 -1 -1 -1 -1 
132 18 684 86 745 245 -1 -1 -1 -1 
132 24 23 521 107 774 -1 -1 -1 -1 
132 25 1551 0 1593 63 -1 -1 -1 -1 
132 26 20 280 92 434 -1 -1 -1 -1 
133 2 1684 2 1741 140 -1 -1 -1 -1 
133 4 1141 88 1190 232 -1 -1 -1 -1 
133 5 934 62 976 184 -1 -1 -1 -1 
133 6 1659 575 1781 856 -1 -1 -1 -1 
133 8 210 859 344 1070 -1 -1 -1 -1 
133 10 1133 0 1182 103 -1 -1 -1 -1 
133 11 1074 75 1136 227 -1 -1 -1 -1 
133 13 1595 0 1637 69 -1 -1 -1 -1 
133 15 1085 517 1193 714 -1 -1 -1 -1 
133 16 108 285 171 424 -1 -1 -1 -1 
133 18 687 87 747 244 -1 -1 -1 -1 
133 24 27 519 112 768 -1 -1 -1 -1 
133 25 1549 0 1589 62 -1 -1 -1 -1 
133 26 20 280 92 434 -1 -1 -1 -1 
134 2 1686 3 1742 139 -1 -1 -1 -1 
134 4 1143 86 1192 230 -1 -1 -1 -1 
134 5 932 61 976 185 -1 -1 -1 -1 
134 6 1658 576 1781 858 -1 -1 -1 -1 
134 8 201 867 333 1071 -1 -1 -1 -1 
134 10 1133 0 1180 98 -1 -1 -1 -1 
134 11 1076 73 1137 224 -1 -1 -1 -1 
134 13 1596 0 1639 70 -1 -1 -1 -1 
134 15 1087 517 1195 715 -1 -1 -1 -1 
134 16 108 285 171 424 -1 -1 -1 -1 
134 18 690 86 751 245 -1 -1 -1 -1 
134 24 31 515 118 759 -1 -1 -1 -1 
134 25 1546 0 1586 62 -1 -1 -1 -1 
134 26 20 280 92 434 -1 -1 -1 -1 
135 2 1687 4 1743 139 -1 -1 -1 -1 
135 4 1145 86 1194 228 -1 -1 -1 -1 
135 5 930 62 974 187 -1 -1 -1 -1 
135 6 1658 580 1779 859 -1 -1 -1 -1 
135 8 193 876 324 1074 -1 -1 -1 -1 
135 10 1134 0 1181 98 -1 -1 -1 -1 
135 11 1079 74 1139 222 -1 -1 -1 -1 
135 13 1596 0 1638 69 -1 -1 -1 -1 
135 15 1091 515 1199 714 -1 -1 -1 -1 
135 16 109 285 171 423 -1 -1 -1 -1 
135 18 692 85 754 246 -1 -1 -1 -1 
135 24 35 508 124 750 -1 -1 -1 -1 
135 25 1543 0 1583 62 -1 -1 -1 -1 
135 26 20 280 92 434 -1 -1 -1 -1 
136 2 1689 4 1744 139 -1 -1 -1 -1 
136 4 1148 85 1197 227 -1 -1 -1 -1 
136 5 928 62 973 188 -1 -1 -1 -1 
136 6 1658 584 1779 861 -1 -1 -1 -1 
136 8 189 885 318 1073 -1 -1 -1 -1 
136 10 1134 0 1183 100 -1 -1 -1 -1 
136 11 1080 75 1140 222 -1 -1 -1 -1 
136 13 1597 0 1638 68 -1 -1 -1 -1 
136 15 1094 513 1202 711 -1 -1 -1 -1 
136 16 109 285 170 423 -1 -1 -1 -1 
136 18 694 84 757 247 -1 -1 -1 -1 
136 23 1636 7 1666 68 -1 -1 -1 -1 
136 24 40 507 129 743 -1 -1 -1 -1 
136 25 1538 0 1579 63 -1 -1 -1 -1 
136 26 20 280 92 434 -1 -1 -1 -1 
137 2 1689 4 1745 138 -1 -1 -1 -1 
137 4 1150 85 1199 227 -1 -1 -1 -1 
137 5 927 63 973 190 -1 -1 -1 -1 
137 6 1658 588 1779 865 -1 -1 -1 -1 
137 8 183 891 313 1075 -1 -1 -1 -1 
137 10 1134 0 1184 102 -1 -1 -1 -1 
137 11 1083 78 1142 222 -1 -1 -1 -1 
137 13 1597 0 1637 67 -1 -1 -1 -1 
137 15 1095 507 1205 710 -1 -1 -1 -1 
137 16 109 285 170 422 -1 -1 -1 -1 
137 18 696 84 759 246 -1 -1 -1 -1 
137 23 1635 4 1665 65 -1 -1 -1 -1 
137 24 43 503 136 744 -1 -1 -1 -1 
137 25 1536 0 1576 64 -1 -1 -1 -1 
137 26 21 280 92 434 -1 -1 -1 -1 
138 2 1691 4 1746 136 -1 -1 -1 -1 
138 4 1150 84 1201 227 -1 -1 -1 -1 
138 5 927 64 973 190 -1 -1 -1 -1 
138 6 1654 595 1776 872 -1 -1 -1 -1 
138 8 171 896 302 1077 -1 -1 -1 -1 
138 10 1134 0 1185 105 -1 -1 -1 -1 
138 11 1084 78 1144 223 -1 -1 -1 -1 
138 13 1598 0 1639 69 -1 -1 -1 -1 
138 15 1097 503 1208 708 -1 -1 -1 -1 
138 16 109 285 170 422 -1 -1 -1 -1 
138 18 699 83 761 246 -1 -1 -1 -1 
138 23 1635 4 1665 64 -1 -1 -1 -1 
138 24 48 499 143 740 -1 -1 -1 -1 
138 25 1534 0 1575 65 -1 -1 -1 -1 
138 26 21 280 92 433 -1 -1 -1 -1 
139 2 1692 4 1747 136 -1 -1 -1 -1 
139 4 1152 83 1203 226 -1 -1 -1 -1 
139 5 925 60 973 191 -1 -1 -1 -1 
139 6 1651 599 1775 879 -1 -1 -1 -1 
139 8 163 900 295 1078 -1 -1 -1 -1 
139 10 1136 0 1185 102 -1 -1 -1 -1 
139 11 1085 77 1146 223 -1 -1 -1 -1 
139 13 1606 1 1648 69 -1 -1 -1 -1 
139 15 1099 499 1210 706 -1 -1 -1 -1 
139 16 109 285 171 423 -1 -1 -1 -1 
139 18 702 84 763 243 -1 -1 -1 -1 
139 24 52 495 150 741 -1 -1 -1 -1 
139 25 1532 0 1574 66 -1 -1 -1 -1 
139 26 21 280 92 433 -1 -1 -1 -1 
140 2 1693 3 1748 135 -1 -1 -1 -1 
140 4 1153 82 1204 225 -1 -1 -1 -1 
140 5 922 58 971 194 -1 -1 -1 -1 
140 6 1651 603 1776 885 -1 -1 -1 -1 
140 8 154 906 284 1078 -1 -1 -1 -1 
140 10 1137 0 1186 101 -1 -1 -1 -1 
140 11 1087 74 1148 221 -1 -1 -1 -1 
140 13 1603 2 1646 68 -1 -1 -1 -1 
140 15 1102 494 1212 700 -1 -1 -1 -1 
140 16 109 285 171 423 -1 -1 -1 -1 
140 18 705 86 764 241 -1 -1 -1 -1 
140 24 60 493 160 740 -1 -1 -1 -1 
140 25 1531 0 1573 67 -1 -1 -1 -1 
140 26 21 280 92 433 -1 -1 -1 -1 
141 2 1693 2 1748 134 -1 -1 -1 -1 
141 4 1155 82 1206 226 -1 -1 -1 -1 
141 5 920 56 969 195 -1 -1 -1 -1 
141 6 1651 608 1776 889 -1 -1 -1 -1 
141 8 146 910 276 1078 -1 -1 -1 -1 
141 11 1090 71 1150 218 -1 -1 -1 -1 
141 13 1602 0 1644 68 -1 -1 -1 -1 
141 15 1104 491 1214 698 -1 -1 -1 -1 
141 16 109 285 171 423 -1 -1 -1 -1 
141 18 708 85 765 235 -1 -1 -1 -1 
141 23 1642 4 1669 59 -1 -1 -1 -1 
141 24 71 493 174 736 -1 -1 -1 -1 
141 25 1530 0 1572 67 -1 -1 -1 -1 
141 26 22 280 92 433 -1 -1 -1 -1 
142 2 1694 1 1749 134 -1 -1 -1 -1 
142 4 1159 82 1208 221 -1 -1 -1 -1 
142 5 918 61 966 192 -1 -1 -1 -1 
142 6 1650 612 1775 894 -1 -1 -1 -1 
142 8 140 915 271 1079 -1 -1 -1 -1 
142 11 1092 69 1153 214 -1 -1 -1 -1 
142 13 1605 0 1647 68 -1 -1 -1 -1 
142 15 1105 489 1215 698 -1 -1 -1 -1 
142 16 109 285 171 423 -1 -1 -1 -1 
142 18 712 82 768 231 -1 -1 -1 -1 
142 23 1642 3 1669 59 -1 -1 -1 -1 
142 24 78 494 185 737 -1 -1 -1 -1 
142 25 1528 0 1570 67 -1 -1 -1 -1 
142 26 22 281 92 434 -1 -1 -1 -1 
143 2 1695 1 1750 134 -1 -1 -1 -1 
143 4 1160 79 1211 223 -1 -1 -1 -1 
143 5 917 65 962 190 -1 -1 -1 -1 
143 6 1649 615 1775 899 -1 -1 -1 -1 
143 8 139 920 272 1079 -1 -1 -1 -1 
143 11 1095 67 1154 210 -1 -1 -1 -1 
143 13 1609 0 1650 67 -1 -1 -1 -1 
143 15 1105 488 1217 699 -1 -1 -1 -1 
143 16 109 285 171 423 -1 -1 -1 -1 
143 18 714 82 770 231 -1 -1 -1 -1 
143 23 1643 3 1669 58 -1 -1 -1 -1 
143 24 82 491 192 735 -1 -1 -1 -1 
143 25 1527 0 1570 67 -1 -1 -1 -1 
143 26 22 281 92 434 -1 -1 -1 -1 
144 2 1695 0 1750 134 -1 -1 -1 -1 
144 4 1162 77 1212 219 -1 -1 -1 -1 
144 5 914 68 959 192 -1 -1 -1 -1 
144 6 1649 619 1773 898 -1 -1 -1 -1 
144 8 138 929 269 1078 -1 -1 -1 -1 
144 11 1096 64 1155 208 -1 -1 -1 -1 
144 13 1609 0 1651 66 -1 -1 -1 -1 
144 15 1106 487 1219 701 -1 -1 -1 -1 
144 16 109 286 170 423 -1 -1 -1 -1 
144 18 716 83 771 230 -1 -1 -1 -1 
144 23 1643 3 1669 57 -1 -1 -1 -1 
144 24 84 488 196 734 -1 -1 -1 -1 
144 25 1525 0 1569 67 -1 -1 -1 -1 
144 26 22 281 92 434 -1 -1 -1 -1 
145 2 1695 0 1750 134 -1 -1 -1 -1 
145 4 1164 76 1213 217 -1 -1 -1 -1 
145 5 911 68 957 195 -1 -1 -1 -1 
145 6 1648 623 1772 902 -1 -1 -1 -1 
145 8 128 936 256 1076 -1 -1 -1 -1 
145 10 1142 0 1191 99 -1 -1 -1 -1 
145 11 1098 61 1158 210 -1 -1 -1 -1 
145 13 1611 0 1652 65 -1 -1 -1 -1 
145 15 1109 486 1222 703 -1 -1 -1 -1 
145 16 109 286 170 423 -1 -1 -1 -1 
145 18 717 83 772 231 -1 -1 -1 -1 
145 23 1644 2 1669 56 -1 -1 -1 -1 
145 24 85 485 199 730 -1 -1 -1 -1 
145 25 1523 0 1569 68 -1 -1 -1 -1 
146 2 1696 0 1750 131 -1 -1 -1 -1 
146 4 1166 74 1215 216 -1 -1 -1 -1 
146 5 909 68 955 196 -1 -1 -1 -1 
146 6 1645 626 1771 908 -1 -1 -1 -1 
146 8 116 942 245 1078 -1 -1 -1 -1 
146 10 1144 0 1191 99 -1 -1 -1 -1 
146 11 1100 62 1159 209 -1 -1 -1 -1 
146 13 1612 0 1653 64 -1 -1 -1 -1 
146 15 1114 486 1224 696 -1 -1 -1 -1 
146 16 109 286 170 422 -1 -1 -1 -1 
146 18 719 81 776 231 -1 -1 -1 -1 
146 23 1636 0 1666 60 -1 -1 -1 -1 
146 24 89 482 202 724 -1 -1 -1 -1 
146 25 1521 0 1568 68 -1 -1 -1 -1 
147 2 1696 0 1750 130 -1 -1 -1 -1 
147 4 1167 73 1217 216 -1 -1 -1 -1 
147 5 908 69 954 196 -1 -1 -1 -1 
147 6 1644 628 1772 913 -1 -1 -1 -1 
147 8 101 953 225 1078 -1 -1 -1 -1 
147 10 1145 0 1192 98 -1 -1 -1 -1 
147 11 1101 62 1159 206 -1 -1 -1 -1 
147 15 1117 481 1222 681 -1 -1 -1 -1 
147 16 109 286 170 423 -1 -1 -1 -1 
147 18 722 81 779 232 -1 -1 -1 -1 
147 23 1634 0 1665 60 -1 -1 -1 -1 
147 24 94 481 206 720 -1 -1 -1 -1 
147 25 1518 0 1565 68 -1 -1 -1 -1 
148 2 1696 0 1750 129 -1 -1 -1 -1 
148 4 1168 74 1217 214 -1 -1 -1 -1 
148 5 906 70 952 197 -1 -1 -1 -1 
148 6 1644 624 1773 915 -1 -1 -1 -1 
148 8 92 962 214 1079 -1 -1 -1 -1 
148 10 1147 0 1195 101 -1 -1 -1 -1 
148 11 1103 61 1160 205 -1 -1 -1 -1 
148 15 1122 477 1225 671 -1 -1 -1 -1 
148 16 110 286 170 422 -1 -1 -1 -1 
148 18 723 78 782 233 -1 -1 -1 -1 
148 22 1105 0 1132 45 -1 -1 -1 -1 
148 23 1634 0 1665 60 -1 -1 -1 -1 
148 24 100 479 208 709 -1 -1 -1 -1 
148 25 1516 0 1563 69 -1 -1 -1 -1 
149 2 1697 0 1751 129 -1 -1 -1 -1 
149 4 1169 75 1217 213 -1 -1 -1 -1 
149 5 904 71 951 197 -1 -1 -1 -1 
149 6 1642 630 1771 920 -1 -1 -1 -1 
149 8 83 969 203 1079 -1 -1 -1 -1 
149 10 1149 0 1198 103 -1 -1 -1 -1 
149 11 1105 62 1162 204 -1 -1 -1 -1 
149 15 1125 475 1227 664 -1 -1 -1 -1 
149 16 109 286 170 423 -1 -1 -1 -1 
149 18 726 78 785 233 -1 -1 -1 -1 
149 22 1106 0 1132 45 -1 -1 -1 -1 
149 23 1632 0 1664 59 -1 -1 -1 -1 
149 24 104 475 212 704 -1 -1 -1 -1 
149 25 1515 0 1562 69 -1 -1 -1 -1 
150 2 1698 0 1751 130 -1 -1 -1 -1 
150 4 1170 74 1219 214 -1 -1 -1 -1 
150 5 902 72 949 198 -1 -1 -1 -1 
150 6 1641 632 1770 920 -1 -1 -1 -1 
150 8 73 978 187 1079 -1 -1 -1 -1 
150 10 1150 0 1199 103 -1 -1 -1 -1 
150 11 1107 63 1164 206 -1 -1 -1 -1 
150 15 1128 472 1231 661 -1 -1 -1 -1 
150 16 109 286 171 423 -1 -1 -1 -1 
150 18 729 79 787 232 -1 -1 -1 -1 
150 23 1632 0 1664 58 -1 -1 -1 -1 
150 24 107 471 216 702 -1 -1 -1 -1 
150 25 1514 0 1560 68 -1 -1 -1 -1 
151 2 1699 0 1752 129 -1 -1 -1 -1 
151 4 1171 73 1220 214 -1 -1 -1 -1 
151 5 899 72 946 199 -1 -1 -1 -1 
151 6 1640 638 1770 928 -1 -1 -1 -1 
151 8 63 982 176 1079 -1 -1 -1 -1 
151 11 1111 63 1167 207 -1 -1 -1 -1 
151 15 1130 470 1233 660 -1 -1 -1 -1 
151 16 110 286 170 422 -1 -1 -1 -1 
151 18 731 79 790 231 -1 -1 -1 -1 
151 23 1631 0 1664 58 -1 -1 -1 -1 
151 24 110 466 221 702 -1 -1 -1 -1 
151 25 1511 0 1557 68 -1 -1 -1 -1 
152 2 1700 0 1752 128 -1 -1 -1 -1 
152 4 1173 72 1221 211 -1 -1 -1 -1 
152 5 897 72 944 199 -1 -1 -1 -1 
152 6 1642 642 1772 936 -1 -1 -1 -1 
152 8 54 988 163 1079 -1 -1 -1 -1 
152 10 1158 0 1205 96 -1 -1 -1 -1 
152 11 1113 62 1171 209 -1 -1 -1 -1 
152 15 1130 469 1235 661 -1 -1 -1 -1 
152 16 110 286 170 422 -1 -1 -1 -1 
152 18 734 78 792 228 -1 -1 -1 -1 
152 23 1631 0 1665 58 -1 -1 -1 -1 
152 24 115 464 226 703 -1 -1 -1 -1 
152 25 1509 0 1555 68 -1 -1 -1 -1 
153 2 1702 0 1753 125 -1 -1 -1 -1 
153 4 1175 71 1222 209 -1 -1 -1 -1 
153 5 895 72 942 200 -1 -1 -1 -1 
153 6 1640 649 1772 947 -1 -1 -1 -1 
153 8 45 994 150 1079 -1 -1 -1 -1 
153 10 1162 0 1209 95 -1 -1 -1 -1 
153 11 1116 61 1174 209 -1 -1 -1 -1 
153 15 1132 466 1238 660 -1 -1 -1 -1 
153 16 110 286 170 422 -1 -1 -1 -1 
153 18 736 75 795 227 -1 -1 -1 -1 
153 23 1630 0 1664 57 -1 -1 -1 -1 
153 24 119 463 230 702 -1 -1 -1 -1 
153 25 1507 0 1552 68 -1 -1 -1 -1 
154 2 1702 0 1753 126 -1 -1 -1 -1 
154 4 1178 73 1224 208 -1 -1 -1 -1 
154 5 891 69 940 203 -1 -1 -1 -1 
154 6 1641 655 1772 951 -1 -1 -1 -1 
154 8 35 998 137 1079 -1 -1 -1 -1 
154 10 1164 0 1212 95 -1 -1 -1 -1 
154 11 1118 62 1174 205 -1 -1 -1 -1 
154 13 1619 0 1657 58 -1 -1 -1 -1 
154 15 1134 465 1240 657 -1 -1 -1 -1 
154 16 110 287 169 422 -1 -1 -1 -1 
154 18 738 72 797 225 -1 -1 -1 -1 
154 23 1634 0 1665 53 -1 -1 -1 -1 
154 24 126 461 236 701 -1 -1 -1 -1 
154 25 1505 0 1551 68 -1 -1 -1 -1 
155 2 1704 0 1754 123 -1 -1 -1 -1 
155 4 1180 72 1225 206 -1 -1 -1 -1 
155 5 889 69 939 206 -1 -1 -1 -1 
155 6 1640 661 1770 954 -1 -1 -1 -1 
155 8 24 1002 124 1079 -1 -1 -1 -1 
155 10 1166 0 1214 94 -1 -1 -1 -1 
155 11 1121 61 1176 200 -1 -1 -1 -1 
155 13 1620 0 1657 57 -1 -1 -1 -1 
155 15 1136 464 1242 656 -1 -1 -1 -1 
155 16 109 286 170 422 -1 -1 -1 -1 
155 18 739 69 798 222 -1 -1 -1 -1 
155 23 1636 1 1665 51 -1 -1 -1 -1 
155 24 131 459 241 698 -1 -1 -1 -1 
155 25 1505 0 1550 68 -1 -1 -1 -1 
156 2 1704 0 1754 122 -1 -1 -1 -1 
156 4 1181 72 1226 205 -1 -1 -1 -1 
156 5 887 71 937 207 -1 -1 -1 -1 
156 6 1642 668 1772 961 -1 -1 -1 -1 
156 8 14 1007 109 1079 -1 -1 -1 -1 
156 11 1122 59 1178 199 -1 -1 -1 -1 
156 15 1138 464 1244 655 -1 -1 -1 -1 
156 16 109 285 170 423 -1 -1 -1 -1 
156 18 741 68 799 222 -1 -1 -1 -1 
156 23 1637 1 1665 50 -1 -1 -1 -1 
156 24 136 458 247 701 -1 -1 -1 -1 
156 25 1503 0 1549 70 -1 -1 -1 -1 
157 2 1704 0 1754 121 -1 -1 -1 -1 
157 4 1183 69 1229 204 -1 -1 -1 -1 
157 5 886 74 936 207 -1 -1 -1 -1 
157 6 1644 672 1773 964 -1 -1 -1 -1 
157 8 9 1012 97 1079 -1 -1 -1 -1 
157 11 1123 57 1180 198 -1 -1 -1 -1 
157 15 1141 462 1246 653 -1 -1 -1 -1 
157 16 109 285 170 423 -1 -1 -1 -1 
157 18 742 67 799 219 -1 -1 -1 -1 
157 23 1637 2 1665 49 -1 -1 -1 -1 
157 24 142 458 253 702 -1 -1 -1 -1 
157 25 1501 0 1547 71 -1 -1 -1 -1 
158 2 1705 0 1755 122 -1 -1 -1 -1 
158 4 1185 65 1233 206 -1 -1 -1 -1 
158 5 885 78 934 208 -1 -1 -1 -1 
158 6 1645 675 1774 969 -1 -1 -1 -1 
158 8 2 1017 83 1079 -1 -1 -1 -1 
158 11 1126 55 1183 199 -1 -1 -1 -1 
158 15 1142 459 1248 651 -1 -1 -1 -1 
158 16 109 286 170 423 -1 -1 -1 -1 
158 18 744 66 801 216 -1 -1 -1 -1 
158 23 1638 2 1664 48 -1 -1 -1 -1 
158 24 147 455 257 700 -1 -1 -1 -1 
158 25 1498 0 1545 73 -1 -1 -1 -1 
159 2 1705 0 1756 122 -1 -1 -1 -1 
159 4 1187 64 1235 205 -1 -1 -1 -1 
159 5 883 81 933 210 -1 -1 -1 -1 
159 6 1646 676 1777 974 -1 -1 -1 -1 
159 11 1127 54 1186 200 -1 -1 -1 -1 
159 15 1143 455 1251 651 -1 -1 -1 -1 
159 16 110 286 170 424 -1 -1 -1 -1 
159 18 748 64 805 215 -1 -1 -1 -1 
159 23 1638 3 1664 47 -1 -1 -1 -1 
159 24 151 453 261 699 -1 -1 -1 -1 
159 25 1495 0 1543 74 -1 -1 -1 -1 
160 2 1706 0 1758 123 -1 -1 -1 -1 
160 4 1187 63 1236 205 -1 -1 -1 -1 
160 5 881 82 931 212 -1 -1 -1 -1 
160 6 1648 677 1779 975 -1 -1 -1 -1 
160 11 1129 54 1188 200 -1 -1 -1 -1 
160 15 1148 454 1253 645 -1 -1 -1 -1 
160 16 110 286 170 424 -1 -1 -1 -1 
160 18 752 63 809 214 -1 -1 -1 -1 
160 24 156 451 263 689 -1 -1 -1 -1 
160 25 1492 0 1541 75 -1 -1 -1 -1 
161 2 1706 0 1758 124 -1 -1 -1 -1 
161 4 1190 63 1239 204 -1 -1 -1 -1 
161 5 878 84 929 213 -1 -1 -1 -1 
161 6 1648 678 1779 978 -1 -1 -1 -1 
161 11 1130 55 1189 199 -1 -1 -1 -1 
161 15 1152 450 1252 633 -1 -1 -1 -1 
161 16 110 287 170 424 -1 -1 -1 -1 
161 18 755 63 812 212 -1 -1 -1 -1 
161 24 162 448 266 681 -1 -1 -1 -1 
161 25 1490 0 1540 76 -1 -1 -1 -1 
162 2 1707 0 1760 125 -1 -1 -1 -1 
162 4 1191 63 1241 203 -1 -1 -1 -1 
162 5 875 85 926 214 -1 -1 -1 -1 
162 6 1650 679 1781 979 -1 -1 -1 -1 
162 11 1131 54 1191 200 -1 -1 -1 -1 
162 15 1154 445 1254 628 -1 -1 -1 -1 
162 16 110 287 170 424 -1 -1 -1 -1 
162 18 757 64 813 211 -1 -1 -1 -1 
162 24 167 445 268 672 -1 -1 -1 -1 
162 25 1487 0 1538 76 -1 -1 -1 -1 
162 26 23 280 92 434 -1 -1 -1 -1 
163 2 1707 0 1761 125 -1 -1 -1 -1 
163 4 1192 60 1243 204 -1 -1 -1 -1 
163 5 872 84 923 214 -1 -1 -1 -1 
163 6 1650 682 1781 983 -1 -1 -1 -1 
163 11 1132 53 1192 199 -1 -1 -1 -1 
163 15 1153 442 1258 633 -1 -1 -1 -1 
163 16 110 287 170 424 -1 -1 -1 -1 
163 18 760 66 816 211 -1 -1 -1 -1 
163 24 171 441 271 666 -1 -1 -1 -1 
163 25 1485 0 1536 76 -1 -1 -1 -1 
163 26 23 279 92 434 -1 -1 -1 -1 
164 2 1709 0 1763 123 -1 -1 -1 -1 
164 4 1193 57 1246 204 -1 -1 -1 -1 
164 5 869 83 920 213 -1 -1 -1 -1 
164 6 1650 687 1782 989 -1 -1 -1 -1 
164 11 1133 52 1193 198 -1 -1 -1 -1 
164 15 1155 440 1261 633 -1 -1 -1 -1 
164 16 110 287 170 424 -1 -1 -1 -1 
164 18 763 67 818 210 -1 -1 -1 -1 
164 24 176 439 276 664 -1 -1 -1 -1 
164 25 1483 0 1534 76 -1 -1 -1 -1 
165 2 1711 0 1764 120 -1 -1 -1 -1 
165 4 1196 55 1248 200 -1 -1 -1 -1 
165 5 866 83 917 214 -1 -1 -1 -1 
165 6 1650 691 1779 986 -1 -1 -1 -1 
165 11 1135 51 1194 196 -1 -1 -1 -1 
165 15 1157 439 1263 633 -1 -1 -1 -1 
165 16 110 287 170 424 -1 -1 -1 -1 
165 18 766 68 820 209 -1 -1 -1 -1 
165 24 181 434 282 664 -1 -1 -1 -1 
165 25 1481 0 1531 77 -1 -1 -1 -1 
166 2 1713 0 1765 117 -1 -1 -1 -1 
166 4 1200 54 1251 199 -1 -1 -1 -1 
166 5 864 84 915 214 -1 -1 -1 -1 
166 6 1651 698 1778 990 -1 -1 -1 -1 
166 11 1137 51 1196 192 -1 -1 -1 -1 
166 15 1159 438 1265 633 -1 -1 -1 -1 
166 16 110 287 170 424 -1 -1 -1 -1 
166 18 767 68 822 209 -1 -1 -1 -1 
166 24 186 431 289 664 -1 -1 -1 -1 
166 25 1478 0 1528 76 -1 -1 -1 -1 
167 2 1714 0 1766 116 -1 -1 -1 -1 
167 4 1203 51 1254 198 -1 -1 -1 -1 
167 5 862 86 912 215 -1 -1 -1 -1 
167 6 1649 706 1778 1002 -1 -1 -1 -1 
167 11 1139 49 1197 192 -1 -1 -1 -1 
167 15 1160 436 1266 631 -1 -1 -1 -1 
167 16 110 287 170 425 -1 -1 -1 -1 
167 18 769 67 823 208 -1 -1 -1 -1 
167 24 194 430 297 662 -1 -1 -1 -1 
167 25 1475 0 1527 78 -1 -1 -1 -1 
168 4 1205 51 1255 198 -1 -1 -1 -1 
168 5 859 87 909 217 -1 -1 -1 -1 
168 6 1646 715 1777 1016 -1 -1 -1 -1 
168 11 1141 50 1199 191 -1 -1 -1 -1 
168 15 1162 434 1267 625 -1 -1 -1 -1 
168 16 110 287 170 425 -1 -1 -1 -1 
168 18 772 68 825 206 -1 -1 -1 -1 
168 24 202 432 306 661 -1 -1 -1 -1 
168 25 1474 0 1525 78 -1 -1 -1 -1 
169 4 1207 52 1255 197 -1 -1 -1 -1 
169 5 856 87 907 218 -1 -1 -1 -1 
169 6 1646 720 1776 1020 -1 -1 -1 -1 
169 11 1143 45 1201 188 -1 -1 -1 -1 
169 15 1165 432 1267 616 -1 -1 -1 -1 
169 16 110 286 170 425 -1 -1 -1 -1 
169 18 774 67 827 205 -1 -1 -1 -1 
169 24 207 431 312 661 -1 -1 -1 -1 
169 25 1472 0 1524 78 -1 -1 -1 -1 
170 4 1209 51 1257 196 -1 -1 -1 -1 
170 5 855 90 905 218 -1 -1 -1 -1 
170 6 1644 725 1776 1031 -1 -1 -1 -1 
170 11 1144 42 1202 187 -1 -1 -1 -1 
170 15 1168 428 1269 611 -1 -1 -1 -1 
170 16 110 286 170 425 -1 -1 -1 -1 
170 18 776 67 828 204 -1 -1 -1 -1 
170 24 210 430 316 660 -1 -1 -1 -1 
170 25 1470 0 1523 78 -1 -1 -1 -1 
171 4 1210 50 1258 194 -1 -1 -1 -1 
171 5 853 89 903 219 -1 -1 -1 -1 
171 6 1644 730 1775 1037 -1 -1 -1 -1 
171 11 1145 40 1203 184 -1 -1 -1 -1 
171 15 1170 423 1273 610 -1 -1 -1 -1 
171 16 110 286 170 425 -1 -1 -1 -1 
171 18 777 67 828 204 -1 -1 -1 -1 
171 24 214 428 321 661 -1 -1 -1 -1 
171 25 1468 0 1521 78 -1 -1 -1 -1 
172 4 1212 48 1260 194 -1 -1 -1 -1 
172 5 850 88 901 219 -1 -1 -1 -1 
172 6 1643 733 1776 1042 -1 -1 -1 -1 
172 11 1148 41 1204 184 -1 -1 -1 -1 
172 15 1172 420 1275 608 -1 -1 -1 -1 
172 16 110 286 170 425 -1 -1 -1 -1 
172 18 778 64 830 204 -1 -1 -1 -1 
172 24 218 426 325 657 -1 -1 -1 -1 
172 25 1465 0 1519 78 -1 -1 -1 -1 
173 4 1214 48 1261 192 -1 -1 -1 -1 
173 5 848 87 900 220 -1 -1 -1 -1 
173 6 1642 735 1774 1045 -1 -1 -1 -1 
173 11 1150 42 1206 183 -1 -1 -1 -1 
173 15 1178 418 1279 601 -1 -1 -1 -1 
173 16 110 286 170 424 -1 -1 -1 -1 
173 18 781 64 832 205 -1 -1 -1 -1 
173 24 221 424 327 654 -1 -1 -1 -1 
173 25 1462 0 1517 79 -1 -1 -1 -1 
174 4 1216 47 1262 189 -1 -1 -1 -1 
174 5 843 88 895 221 -1 -1 -1 -1 
174 6 1641 737 1773 1046 -1 -1 -1 -1 
174 7 1420 1024 1478 1077 -1 -1 -1 -1 
174 11 1151 43 1206 182 -1 -1 -1 -1 
174 15 1180 415 1282 601 -1 -1 -1 -1 
174 16 110 286 170 424 -1 -1 -1 -1 
174 18 784 57 839 206 -1 -1 -1 -1 
174 24 225 421 330 650 -1 -1 -1 -1 
174 25 1458 0 1514 79 -1 -1 -1 -1 
175 4 1218 46 1264 186 -1 -1 -1 -1 
175 5 840 86 892 222 -1 -1 -1 -1 
175 6 1642 740 1771 1042 -1 -1 -1 -1 
175 7 1411 1017 1483 1078 -1 -1 -1 -1 
175 11 1153 43 1208 181 -1 -1 -1 -1 
175 15 1182 415 1285 602 -1 -1 -1 -1 
175 16 110 285 170 424 -1 -1 -1 -1 
175 18 787 57 842 207 -1 -1 -1 -1 
175 24 230 417 332 641 -1 -1 -1 -1 
175 25 1456 0 1512 78 -1 -1 -1 -1 
176 4 1219 45 1265 188 -1 -1 -1 -1 
176 5 835 81 889 221 -1 -1 -1 -1 
176 6 1642 742 1771 1041 -1 -1 -1 -1 
176 7 1410 1014 1489 1079 -1 -1 -1 -1 
176 11 1155 42 1210 182 -1 -1 -1 -1 
176 15 1184 415 1286 603 -1 -1 -1 -1 
176 16 110 286 169 423 -1 -1 -1 -1 
176 18 787 58 843 207 -1 -1 -1 -1 
176 24 235 414 336 637 -1 -1 -1 -1 
176 25 1455 0 1510 77 -1 -1 -1 -1 
177 4 1220 44 1266 187 -1 -1 -1 -1 
177 5 832 81 885 223 -1 -1 -1 -1 
177 6 1642 748 1769 1039 -1 -1 -1 -1 
177 7 1415 1011 1502 1079 -1 -1 -1 -1 
177 11 1156 43 1210 181 -1 -1 -1 -1 
177 15 1185 415 1288 603 -1 -1 -1 -1 
177 16 110 286 169 423 -1 -1 -1 -1 
177 18 788 64 841 206 -1 -1 -1 -1 
177 24 239 411 338 633 -1 -1 -1 -1 
177 25 1452 0 1508 78 -1 -1 -1 -1 
178 4 1222 43 1268 186 -1 -1 -1 -1 
178 5 831 81 885 225 -1 -1 -1 -1 
178 6 1639 754 1766 1044 -1 -1 -1 -1 
178 7 1414 1002 1511 1079 -1 -1 -1 -1 
178 11 1157 42 1212 181 -1 -1 -1 -1 
178 15 1186 414 1290 604 -1 -1 -1 -1 
178 16 109 286 170 423 -1 -1 -1 -1 
178 18 789 58 844 207 -1 -1 -1 -1 
178 24 243 410 341 631 -1 -1 -1 -1 
178 25 1449 0 1506 79 -1 -1 -1 -1 
179 4 1223 43 1269 185 -1 -1 -1 -1 
179 5 829 84 883 228 -1 -1 -1 -1 
179 6 1638 761 1766 1053 -1 -1 -1 -1 
179 7 1410 993 1517 1079 -1 -1 -1 -1 
179 11 1158 38 1214 180 -1 -1 -1 -1 
179 15 1189 413 1293 602 -1 -1 -1 -1 
179 16 110 286 170 423 -1 -1 -1 -1 
179 18 791 57 846 207 -1 -1 -1 -1 
179 24 247 408 344 629 -1 -1 -1 -1 
179 25 1447 0 1504 81 -1 -1 -1 -1 
180 4 1226 44 1271 184 -1 -1 -1 -1 
180 5 829 95 880 231 -1 -1 -1 -1 
180 6 1635 767 1765 1066 -1 -1 -1 -1 
180 7 1408 987 1522 1079 -1 -1 -1 -1 
180 11 1161 35 1216 176 -1 -1 -1 -1 
180 15 1192 412 1294 601 -1 -1 -1 -1 
180 16 110 286 170 423 -1 -1 -1 -1 
180 24 250 406 348 630 -1 -1 -1 -1 
180 25 1445 0 1502 81 -1 -1 -1 -1 
181 4 1227 45 1272 182 -1 -1 -1 -1 
181 5 825 99 875 231 -1 -1 -1 -1 
181 6 1633 775 1763 1073 -1 -1 -1 -1 
181 7 1406 983 1526 1079 -1 -1 -1 -1 
181 11 1163 33 1218 175 -1 -1 -1 -1 
181 15 1193 407 1297 599 -1 -1 -1 -1 
181 16 109 286 170 423 -1 -1 -1 -1 
181 24 254 406 352 630 -1 -1 -1 -1 
181 25 1444 0 1500 81 -1 -1 -1 -1 
182 4 1228 44 1273 180 -1 -1 -1 -1 
182 5 822 103 872 232 -1 -1 -1 -1 
182 6 1634 781 1762 1073 -1 -1 -1 -1 
182 7 1407 979 1531 1079 -1 -1 -1 -1 
182 11 1164 34 1219 172 -1 -1 -1 -1 
182 15 1197 404 1302 599 -1 -1 -1 -1 
182 16 110 287 170 423 -1 -1 -1 -1 
182 24 257 405 355 631 -1 -1 -1 -1 
182 25 1443 0 1498 80 -1 -1 -1 -1 
183 4 1230 43 1276 177 -1 -1 -1 -1 
183 5 820 103 871 233 -1 -1 -1 -1 
183 6 1634 785 1761 1074 -1 -1 -1 -1 
183 7 1406 973 1535 1079 -1 -1 -1 -1 
183 11 1166 35 1220 173 -1 -1 -1 -1 
183 15 1201 398 1303 589 -1 -1 -1 -1 
183 16 110 287 170 423 -1 -1 -1 -1 
183 24 261 403 359 631 -1 -1 -1 -1 
183 25 1442 0 1498 81 -1 -1 -1 -1 
184 4 1231 42 1277 176 -1 -1 -1 -1 
184 5 817 102 868 232 -1 -1 -1 -1 
184 6 1635 790 1760 1075 -1 -1 -1 -1 
184 7 1407 969 1538 1079 -1 -1 -1 -1 
184 11 1167 34 1222 172 -1 -1 -1 -1 
184 15 1203 393 1303 583 -1 -1 -1 -1 
184 16 109 286 170 423 -1 -1 -1 -1 
184 24 264 400 364 633 -1 -1 -1 -1 
184 25 1441 0 1496 81 -1 -1 -1 -1 
185 4 1234 42 1280 175 -1 -1 -1 -1 
185 5 814 101 866 233 -1 -1 -1 -1 
185 6 1635 795 1758 1075 -1 -1 -1 -1 
185 7 1406 966 1539 1079 -1 -1 -1 -1 
185 11 1170 33 1224 170 -1 -1 -1 -1 
185 15 1204 390 1306 582 -1 -1 -1 -1 
185 16 110 286 170 423 -1 -1 -1 -1 
185 24 268 398 367 631 -1 -1 -1 -1 
186 4 1236 40 1283 176 -1 -1 -1 -1 
186 5 810 97 863 234 -1 -1 -1 -1 
186 6 1636 799 1758 1077 -1 -1 -1 -1 
186 7 1405 963 1540 1079 -1 -1 -1 -1 
186 11 1172 33 1226 168 -1 -1 -1 -1 
186 15 1204 388 1306 581 -1 -1 -1 -1 
186 16 109 286 170 423 -1 -1 -1 -1 
186 24 272 396 371 628 -1 -1 -1 -1 
187 4 1238 39 1284 175 -1 -1 -1 -1 
187 5 805 96 859 235 -1 -1 -1 -1 
187 6 1636 802 1758 1077 -1 -1 -1 -1 
187 7 1405 959 1542 1079 -1 -1 -1 -1 
187 11 1174 32 1228 167 -1 -1 -1 -1 
187 15 1206 387 1309 584 -1 -1 -1 -1 
187 16 109 286 171 423 -1 -1 -1 -1 
187 24 277 393 372 619 -1 -1 -1 -1 
187 26 0 387 60 613 -1 -1 -1 -1 
188 4 1239 38 1286 174 -1 -1 -1 -1 
188 5 801 96 854 237 -1 -1 -1 -1 
188 6 1636 803 1757 1078 -1 -1 -1 -1 
188 7 1403 955 1542 1079 -1 -1 -1 -1 
188 11 1175 32 1230 168 -1 -1 -1 -1 
188 15 1208 386 1311 584 -1 -1 -1 -1 
188 16 109 286 171 424 -1 -1 -1 -1 
188 24 281 390 375 613 -1 -1 -1 -1 
188 25 1433 0 1492 88 -1 -1 -1 -1 
188 26 0 391 55 613 -1 -1 -1 -1 
189 4 1241 37 1287 172 -1 -1 -1 -1 
189 5 798 98 851 238 -1 -1 -1 -1 
189 6 1634 806 1754 1077 -1 -1 -1 -1 
189 7 1400 949 1542 1078 -1 -1 -1 -1 
189 11 1177 32 1232 168 -1 -1 -1 -1 
189 15 1209 385 1312 583 -1 -1 -1 -1 
189 16 108 285 170 424 -1 -1 -1 -1 
189 24 285 388 377 606 -1 -1 -1 -1 
189 25 1432 0 1489 89 -1 -1 -1 -1 
189 26 0 392 58 616 -1 -1 -1 -1 
190 4 1243 37 1288 171 -1 -1 -1 -1 
190 5 798 104 849 238 -1 -1 -1 -1 
190 6 1634 810 1752 1074 -1 -1 -1 -1 
190 7 1397 944 1542 1078 -1 -1 -1 -1 
190 11 1178 31 1235 169 -1 -1 -1 -1 
190 15 1211 384 1314 583 -1 -1 -1 -1 
190 16 108 285 170 424 -1 -1 -1 -1 
190 24 288 387 379 602 -1 -1 -1 -1 
190 25 1431 0 1487 90 -1 -1 -1 -1 
190 26 0 389 62 616 -1 -1 -1 -1 
191 4 1245 37 1290 170 -1 -1 -1 -1 
191 5 796 109 844 237 -1 -1 -1 -1 
191 6 1635 815 1751 1076 -1 -1 -1 -1 
191 7 1395 937 1543 1076 -1 -1 -1 -1 
191 11 1178 30 1236 169 -1 -1 -1 -1 
191 15 1215 382 1313 570 -1 -1 -1 -1 
191 16 108 285 170 424 -1 -1 -1 -1 
191 24 292 385 383 601 -1 -1 -1 -1 
191 25 1430 0 1486 89 -1 -1 -1 -1 
191 26 0 378 65 613 -1 -1 -1 -1 
192 4 1246 37 1291 169 -1 -1 -1 -1 
192 5 793 112 841 236 -1 -1 -1 -1 
192 6 1634 820 1750 1079 -1 -1 -1 -1 
192 7 1394 929 1547 1076 -1 -1 -1 -1 
192 11 1180 29 1237 167 -1 -1 -1 -1 
192 15 1218 379 1314 565 -1 -1 -1 -1 
192 16 108 285 170 424 -1 -1 -1 -1 
192 24 294 382 386 600 -1 -1 -1 -1 
192 25 1429 0 1484 88 -1 -1 -1 -1 
192 26 0 382 67 611 -1 -1 -1 -1 
193 4 1247 36 1292 169 -1 -1 -1 -1 
193 5 792 113 839 235 -1 -1 -1 -1 
193 6 1633 826 1748 1079 -1 -1 -1 -1 
193 7 1394 924 1548 1074 -1 -1 -1 -1 
193 11 1182 29 1239 167 -1 -1 -1 -1 
193 15 1219 377 1316 562 -1 -1 -1 -1 
193 16 108 285 170 424 -1 -1 -1 -1 
193 24 298 378 391 597 -1 -1 -1 -1 
193 25 1429 0 1483 88 -1 -1 -1 -1 
193 26 0 394 65 608 -1 -1 -1 -1 
194 4 1248 35 1293 168 -1 -1 -1 -1 
194 5 790 113 837 235 -1 -1 -1 -1 
194 6 1632 834 1746 1079 -1 -1 -1 -1 
194 7 1395 918 1550 1073 -1 -1 -1 -1 
194 11 1183 27 1240 166 -1 -1 -1 -1 
194 15 1227 374 1321 555 -1 -1 -1 -1 
194 16 108 285 170 424 -1 -1 -1 -1 
194 24 302 376 396 598 -1 -1 -1 -1 
194 25 1427 0 1482 88 -1 -1 -1 -1 
194 26 0 388 65 606 -1 -1 -1 -1 
195 4 1249 33 1294 167 -1 -1 -1 -1 
195 5 786 112 832 233 -1 -1 -1 -1 
195 6 1630 843 1743 1079 -1 -1 -1 -1 
195 7 1396 915 1551 1073 -1 -1 -1 -1 
195 11 1184 22 1241 163 -1 -1 -1 -1 
195 15 1231 372 1324 551 -1 -1 -1 -1 
195 16 108 285 170 423 -1 -1 -1 -1 
195 24 307 376 401 596 -1 -1 -1 -1 
195 25 1426 0 1480 89 -1 -1 -1 -1 
195 26 0 381 67 607 -1 -1 -1 -1 
196 4 1250 31 1295 165 -1 -1 -1 -1 
196 5 783 111 829 231 -1 -1 -1 -1 
196 6 1630 849 1741 1079 -1 -1 -1 -1 
196 7 1399 912 1553 1073 -1 -1 -1 -1 
196 11 1186 21 1242 162 -1 -1 -1 -1 
196 15 1230 371 1321 545 -1 -1 -1 -1 
196 16 108 285 170 423 -1 -1 -1 -1 
196 18 844 45 894 185 -1 -1 -1 -1 
196 24 312 376 405 595 -1 -1 -1 -1 
196 25 1425 0 1479 89 -1 -1 -1 -1 
196 26 0 370 69 604 -1 -1 -1 -1 
197 4 1251 28 1296 164 -1 -1 -1 -1 
197 5 778 112 823 229 -1 -1 -1 -1 
197 6 1627 855 1739 1077 -1 -1 -1 -1 
197 7 1399 907 1555 1074 -1 -1 -1 -1 
197 11 1187 20 1243 161 -1 -1 -1 -1 
197 15 1233 371 1324 546 -1 -1 -1 -1 
197 16 108 285 170 423 -1 -1 -1 -1 
197 18 853 89 888 181 -1 -1 -1 -1 
197 24 315 376 409 595 -1 -1 -1 -1 
197 25 1423 0 1479 91 -1 -1 -1 -1 
197 26 0 372 69 603 -1 -1 -1 -1 
198 4 1254 28 1298 162 -1 -1 -1 -1 
198 5 775 113 818 228 -1 -1 -1 -1 
198 6 1626 856 1739 1078 -1 -1 -1 -1 
198 7 1400 903 1557 1075 -1 -1 -1 -1 
198 11 1189 21 1244 159 -1 -1 -1 -1 
198 15 1232 369 1324 544 -1 -1 -1 -1 
198 16 108 285 170 423 -1 -1 -1 -1 
198 18 848 54 895 181 -1 -1 -1 -1 
198 24 318 374 411 591 -1 -1 -1 -1 
198 25 1422 0 1478 92 -1 -1 -1 -1 
198 26 0 363 72 601 -1 -1 -1 -1 
199 4 1256 28 1299 162 -1 -1 -1 -1 
199 5 772 115 814 225 -1 -1 -1 -1 
199 6 1624 858 1739 1078 -1 -1 -1 -1 
199 7 1402 900 1558 1075 -1 -1 -1 -1 
199 11 1191 22 1245 157 -1 -1 -1 -1 
199 15 1234 369 1324 539 -1 -1 -1 -1 
199 16 108 285 171 424 -1 -1 -1 -1 
199 18 850 51 897 180 -1 -1 -1 -1 
199 24 320 371 414 589 -1 -1 -1 -1 
199 25 1421 0 1477 93 -1 -1 -1 -1 
199 26 1 357 75 602 -1 -1 -1 -1 
200 4 1257 29 1300 161 -1 -1 -1 -1 
200 5 771 115 811 224 -1 -1 -1 -1 
200 6 1622 861 1738 1076 -1 -1 -1 -1 
200 7 1404 898 1560 1075 -1 -1 -1 -1 
200 11 1194 22 1247 156 -1 -1 -1 -1 
200 15 1236 369 1326 538 -1 -1 -1 -1 
200 16 108 285 171 424 -1 -1 -1 -1 
200 18 851 51 898 179 -1 -1 -1 -1 
200 24 323 368 418 590 -1 -1 -1 -1 
200 25 1419 0 1475 94 -1 -1 -1 -1 
200 26 3 358 77 601 -1 -1 -1 -1 
201 4 1259 28 1302 160 -1 -1 -1 -1 
201 5 768 116 810 225 -1 -1 -1 -1 
201 6 1618 864 1736 1076 -1 -1 -1 -1 
201 7 1407 894 1562 1075 -1 -1 -1 -1 
201 11 1196 24 1248 155 -1 -1 -1 -1 
201 15 1237 368 1328 536 -1 -1 -1 -1 
201 16 108 285 171 424 -1 -1 -1 -1 
201 18 853 49 900 177 -1 -1 -1 -1 
201 24 326 365 420 586 -1 -1 -1 -1 
201 25 1419 0 1475 94 -1 -1 -1 -1 
201 26 9 376 78 598 -1 -1 -1 -1 
202 4 1262 30 1304 159 -1 -1 -1 -1 
202 5 766 116 808 226 -1 -1 -1 -1 
202 6 1614 868 1733 1076 -1 -1 -1 -1 
202 7 1409 892 1564 1077 -1 -1 -1 -1 
202 11 1199 28 1250 156 -1 -1 -1 -1 
202 15 1238 366 1331 537 -1 -1 -1 -1 
202 16 108 285 170 424 -1 -1 -1 -1 
202 18 853 41 902 176 -1 -1 -1 -1 
202 24 331 363 422 577 -1 -1 -1 -1 
202 25 1418 0 1474 95 -1 -1 -1 -1 
202 26 14 386 82 597 -1 -1 -1 -1 
203 4 1263 29 1306 160 -1 -1 -1 -1 
203 5 764 117 808 230 -1 -1 -1 -1 
203 6 1608 873 1727 1076 -1 -1 -1 -1 
203 7 1413 888 1567 1077 -1 -1 -1 -1 
203 11 1200 29 1251 156 -1 -1 -1 -1 
203 15 1239 365 1334 540 -1 -1 -1 -1 
203 16 108 285 170 424 -1 -1 -1 -1 
203 18 855 38 905 174 -1 -1 -1 -1 
203 24 335 361 424 572 -1 -1 -1 -1 
203 25 1417 0 1474 95 -1 -1 -1 -1 
203 26 17 385 86 598 -1 -1 -1 -1 
204 4 1264 31 1307 158 -1 -1 -1 -1 
204 5 762 122 805 230 -1 -1 -1 -1 
204 6 1605 878 1724 1077 -1 -1 -1 -1 
204 7 1415 881 1570 1077 -1 -1 -1 -1 
204 11 1201 27 1253 155 -1 -1 -1 -1 
204 15 1242 364 1334 534 -1 -1 -1 -1 
204 16 108 285 171 425 -1 -1 -1 -1 
204 18 858 34 909 173 -1 -1 -1 -1 
204 24 338 356 427 569 -1 -1 -1 -1 
204 25 1415 0 1472 97 -1 -1 -1 -1 
204 26 20 380 93 598 -1 -1 -1 -1 
205 4 1266 31 1309 158 -1 -1 -1 -1 
205 5 759 124 803 232 -1 -1 -1 -1 
205 6 1601 885 1720 1078 -1 -1 -1 -1 
205 7 1416 874 1573 1077 -1 -1 -1 -1 
205 11 1202 23 1255 154 -1 -1 -1 -1 
205 15 1243 361 1336 531 -1 -1 -1 -1 
205 16 108 285 171 425 -1 -1 -1 -1 
205 18 860 34 911 172 -1 -1 -1 -1 
205 24 339 352 430 567 -1 -1 -1 -1 
205 25 1413 0 1470 98 -1 -1 -1 -1 
205 26 21 376 96 597 -1 -1 -1 -1 
206 4 1267 27 1311 157 -1 -1 -1 -1 
206 5 755 125 801 236 -1 -1 -1 -1 
206 6 1599 894 1716 1079 -1 -1 -1 -1 
206 7 1418 866 1577 1077 -1 -1 -1 -1 
206 11 1202 19 1256 152 -1 -1 -1 -1 
206 15 1244 357 1339 530 -1 -1 -1 -1 
206 16 108 285 172 426 -1 -1 -1 -1 
206 18 861 32 911 170 -1 -1 -1 -1 
206 24 342 350 432 566 -1 -1 -1 -1 
206 25 1412 0 1469 98 -1 -1 -1 -1 
206 26 22 372 100 595 -1 -1 -1 -1 
207 4 1270 24 1314 155 -1 -1 -1 -1 
207 5 752 128 799 239 -1 -1 -1 -1 
207 6 1596 901 1711 1079 -1 -1 -1 -1 
207 7 1420 860 1579 1078 -1 -1 -1 -1 
207 11 1204 15 1258 151 -1 -1 -1 -1 
207 15 1245 353 1341 527 -1 -1 -1 -1 
207 16 108 285 172 426 -1 -1 -1 -1 
207 18 863 35 912 168 -1 -1 -1 -1 
207 24 346 350 435 565 -1 -1 -1 -1 
207 25 1412 0 1468 98 -1 -1 -1 -1 
207 26 28 375 105 592 -1 -1 -1 -1 
208 4 1271 21 1316 154 -1 -1 -1 -1 
208 5 747 128 793 240 -1 -1 -1 -1 
208 6 1593 907 1705 1078 -1 -1 -1 -1 
208 7 1423 856 1581 1078 -1 -1 -1 -1 
208 11 1207 11 1262 150 -1 -1 -1 -1 
208 15 1245 352 1341 524 -1 -1 -1 -1 
208 16 108 285 172 427 -1 -1 -1 -1 
208 18 867 44 912 167 -1 -1 -1 -1 
208 24 349 349 438 564 -1 -1 -1 -1 
208 25 1411 0 1467 97 -1 -1 -1 -1 
208 26 32 372 109 586 -1 -1 -1 -1 
209 4 1273 17 1319 153 -1 -1 -1 -1 
209 5 744 129 790 241 -1 -1 -1 -1 
209 6 1591 913 1702 1078 -1 -1 -1 -1 
209 7 1428 851 1583 1077 -1 -1 -1 -1 
209 11 1209 9 1264 150 -1 -1 -1 -1 
209 15 1246 351 1342 523 -1 -1 -1 -1 
209 16 108 285 172 428 -1 -1 -1 -1 
209 18 871 49 913 166 -1 -1 -1 -1 
209 24 352 349 441 564 -1 -1 -1 -1 
209 25 1410 0 1465 97 -1 -1 -1 -1 
209 26 38 368 115 580 -1 -1 -1 -1 
210 4 1275 15 1320 152 -1 -1 -1 -1 
210 5 741 130 786 241 -1 -1 -1 -1 
210 6 1589 919 1697 1076 -1 -1 -1 -1 
210 7 1431 848 1584 1076 -1 -1 -1 -1 
210 11 1212 8 1267 148 -1 -1 -1 -1 
210 15 1245 348 1342 519 -1 -1 -1 -1 
210 16 107 285 172 429 -1 -1 -1 -1 
210 18 872 43 916 163 -1 -1 -1 -1 
210 24 354 347 444 565 -1 -1 -1 -1 
210 25 1410 0 1464 96 -1 -1 -1 -1 
210 26 43 366 119 574 -1 -1 -1 -1 
211 4 1277 14 1322 151 -1 -1 -1 -1 
211 5 737 130 783 244 -1 -1 -1 -1 
211 6 1587 926 1693 1076 -1 -1 -1 -1 
211 7 1434 846 1585 1076 -1 -1 -1 -1 
211 11 1214 8 1268 145 -1 -1 -1 -1 
211 15 1248 348 1343 515 -1 -1 -1 -1 
211 16 108 284 172 428 -1 -1 -1 -1 
211 18 873 41 918 165 -1 -1 -1 -1 
211 24 357 346 447 565 -1 -1 -1 -1 
211 25 1409 0 1463 96 -1 -1 -1 -1 
211 26 45 363 123 569 -1 -1 -1 -1 
212 4 1279 15 1324 150 -1 -1 -1 -1 
212 5 732 130 779 248 -1 -1 -1 -1 
212 6 1585 932 1689 1076 -1 -1 -1 -1 
212 7 1436 844 1584 1076 -1 -1 -1 -1 
212 11 1215 8 1269 146 -1 -1 -1 -1 
212 15 1251 346 1344 510 -1 -1 -1 -1 
212 16 109 284 172 427 -1 -1 -1 -1 
212 18 875 41 920 166 -1 -1 -1 -1 
212 24 359 344 449 564 -1 -1 -1 -1 
212 25 1408 0 1463 98 -1 -1 -1 -1 
212 26 48 359 127 567 -1 -1 -1 -1 
213 4 1280 17 1324 150 -1 -1 -1 -1 
213 5 729 131 776 250 -1 -1 -1 -1 
213 6 1584 936 1687 1075 -1 -1 -1 -1 
213 7 1436 840 1584 1077 -1 -1 -1 -1 
213 11 1217 9 1271 145 -1 -1 -1 -1 
213 15 1253 343 1347 508 -1 -1 -1 -1 
213 16 108 284 172 427 -1 -1 -1 -1 
213 18 878 39 925 164 -1 -1 -1 -1 
213 24 361 343 451 562 -1 -1 -1 -1 
213 25 1407 0 1462 99 -1 -1 -1 -1 
213 26 53 352 135 563 -1 -1 -1 -1 
214 4 1281 17 1325 150 -1 -1 -1 -1 
214 5 723 130 772 255 -1 -1 -1 -1 
214 6 1580 940 1684 1075 -1 -1 -1 -1 
214 7 1437 837 1584 1077 -1 -1 -1 -1 
214 11 1218 10 1272 145 -1 -1 -1 -1 
214 15 1254 340 1350 507 -1 -1 -1 -1 
214 16 108 285 171 426 -1 -1 -1 -1 
214 18 882 42 929 162 -1 -1 -1 -1 
214 24 364 341 452 557 -1 -1 -1 -1 
214 25 1405 0 1462 102 -1 -1 -1 -1 
214 26 58 341 144 564 -1 -1 -1 -1 
215 4 1282 18 1327 153 -1 -1 -1 -1 
215 5 722 133 770 257 -1 -1 -1 -1 
215 6 1576 944 1680 1075 -1 -1 -1 -1 
215 7 1439 835 1584 1077 -1 -1 -1 -1 
215 11 1219 11 1273 145 -1 -1 -1 -1 
215 15 1254 336 1353 510 -1 -1 -1 -1 
215 16 108 285 171 426 -1 -1 -1 -1 
215 18 883 38 932 161 -1 -1 -1 -1 
215 24 368 338 454 551 -1 -1 -1 -1 
215 25 1405 0 1462 104 -1 -1 -1 -1 
215 26 66 328 158 563 -1 -1 -1 -1 
216 4 1284 18 1328 154 -1 -1 -1 -1 
216 5 720 134 767 257 -1 -1 -1 -1 
216 6 1572 949 1675 1075 -1 -1 -1 -1 
216 7 1440 831 1583 1076 -1 -1 -1 -1 
216 11 1219 11 1274 145 -1 -1 -1 -1 
216 15 1256 335 1355 510 -1 -1 -1 -1 
216 18 886 43 933 160 -1 -1 -1 -1 
216 24 370 334 455 543 -1 -1 -1 -1 
216 25 1404 0 1461 105 -1 -1 -1 -1 
216 26 71 327 164 561 -1 -1 -1 -1 
217 4 1285 16 1328 149 -1 -1 -1 -1 
217 5 716 133 764 256 -1 -1 -1 -1 
217 6 1569 952 1675 1078 -1 -1 -1 -1 
217 7 1441 827 1584 1076 -1 -1 -1 -1 
217 11 1221 11 1276 145 -1 -1 -1 -1 
217 15 1257 331 1357 508 -1 -1 -1 -1 
217 16 109 285 170 422 -1 -1 -1 -1 
217 18 888 42 935 158 -1 -1 -1 -1 
217 24 372 330 457 539 -1 -1 -1 -1 
217 25 1404 0 1461 106 -1 -1 -1 -1 
217 26 81 346 170 561 -1 -1 -1 -1 
218 4 1286 15 1329 146 -1 -1 -1 -1 
218 5 711 132 759 258 -1 -1 -1 -1 
218 6 1568 957 1671 1079 -1 -1 -1 -1 
218 7 1441 820 1585 1077 -1 -1 -1 -1 
218 11 1222 8 1278 145 -1 -1 -1 -1 
218 15 1259 327 1359 505 -1 -1 -1 -1 
218 16 110 285 171 421 -1 -1 -1 -1 
218 18 889 43 937 159 -1 -1 -1 -1 
218 24 375 327 460 536 -1 -1 -1 -1 
218 25 1404 0 1461 107 -1 -1 -1 -1 
218 26 87 356 174 559 -1 -1 -1 -1 
219 4 1287 13 1330 147 -1 -1 -1 -1 
219 5 707 133 755 259 -1 -1 -1 -1 
219 6 1568 966 1668 1079 -1 -1 -1 -1 
219 7 1443 814 1587 1077 -1 -1 -1 -1 
219 11 1223 8 1279 143 -1 -1 -1 -1 
219 15 1261 325 1361 503 -1 -1 -1 -1 
219 16 110 286 171 420 -1 -1 -1 -1 
219 18 891 39 941 160 -1 -1 -1 -1 
219 24 377 324 462 535 -1 -1 -1 -1 
219 25 1403 0 1460 108 -1 -1 -1 -1 
219 26 89 358 177 557 -1 -1 -1 -1 
220 4 1289 13 1332 144 -1 -1 -1 -1 
220 5 704 132 751 258 -1 -1 -1 -1 
220 6 1568 973 1665 1079 -1 -1 -1 -1 
220 7 1445 808 1588 1076 -1 -1 -1 -1 
220 11 1224 7 1279 142 -1 -1 -1 -1 
220 15 1263 325 1362 502 -1 -1 -1 -1 
220 16 110 286 171 420 -1 -1 -1 -1 
220 18 893 37 944 159 -1 -1 -1 -1 
220 24 381 321 467 535 -1 -1 -1 -1 
220 25 1403 0 1460 109 -1 -1 -1 -1 
220 26 90 349 181 556 -1 -1 -1 -1 
221 4 1291 12 1333 141 -1 -1 -1 -1 
221 5 702 133 748 259 -1 -1 -1 -1 
221 6 1569 981 1662 1079 -1 -1 -1 -1 
221 7 1448 805 1591 1075 -1 -1 -1 -1 
221 11 1225 6 1281 142 -1 -1 -1 -1 
221 15 1267 327 1361 497 -1 -1 -1 -1 
221 18 896 39 944 157 -1 -1 -1 -1 
221 24 385 320 472 533 -1 -1 -1 -1 
221 25 1402 0 1460 110 -1 -1 -1 -1 
221 26 91 341 186 554 -1 -1 -1 -1 
222 4 1292 10 1336 142 -1 -1 -1 -1 
222 5 700 136 744 258 -1 -1 -1 -1 
222 6 1573 990 1660 1078 -1 -1 -1 -1 
222 7 1450 802 1591 1073 -1 -1 -1 -1 
222 11 1227 5 1281 139 -1 -1 -1 -1 
222 15 1269 328 1362 495 -1 -1 -1 -1 
222 18 897 31 948 156 -1 -1 -1 -1 
222 24 389 320 476 531 -1 -1 -1 -1 
222 25 1402 0 1460 111 -1 -1 -1 -1 
222 26 98 345 188 549 -1 -1 -1 -1 
223 4 1294 9 1338 143 -1 -1 -1 -1 
223 5 694 139 739 262 -1 -1 -1 -1 
223 6 1570 994 1658 1079 -1 -1 -1 -1 
223 7 1452 800 1591 1071 -1 -1 -1 -1 
223 11 1229 4 1282 136 -1 -1 -1 -1 
223 15 1272 327 1365 495 -1 -1 -1 -1 
223 18 900 32 950 155 -1 -1 -1 -1 
223 24 394 321 479 530 -1 -1 -1 -1 
223 25 1402 0 1459 111 -1 -1 -1 -1 
223 26 104 346 192 546 -1 -1 -1 -1 
224 4 1295 7 1340 140 -1 -1 -1 -1 
224 5 693 140 738 265 -1 -1 -1 -1 
224 6 1566 1000 1652 1079 -1 -1 -1 -1 
224 7 1454 800 1591 1070 -1 -1 -1 -1 
224 11 1231 5 1282 135 -1 -1 -1 -1 
224 15 1274 326 1366 494 -1 -1 -1 -1 
224 18 905 41 949 152 -1 -1 -1 -1 
224 24 397 322 483 530 -1 -1 -1 -1 
224 25 1401 0 1458 110 -1 -1 -1 -1 
224 26 108 342 195 544 -1 -1 -1 -1 
225 4 1296 8 1341 141 -1 -1 -1 -1 
225 5 689 143 736 270 -1 -1 -1 -1 
225 6 1566 1006 1649 1079 -1 -1 -1 -1 
225 7 1457 798 1592 1069 -1 -1 -1 -1 
225 11 1232 5 1283 133 -1 -1 -1 -1 
225 15 1276 324 1367 490 -1 -1 -1 -1 
225 18 907 41 951 151 -1 -1 -1 -1 
225 24 401 321 486 527 -1 -1 -1 -1 
225 25 1400 0 1457 111 -1 -1 -1 -1 
225 26 114 341 200 542 -1 -1 -1 -1 
226 4 1298 9 1342 137 -1 -1 -1 -1 
226 5 686 146 734 274 -1 -1 -1 -1 
226 6 1565 1012 1644 1079 -1 -1 -1 -1 
226 7 1461 796 1595 1069 -1 -1 -1 -1 
226 11 1235 7 1285 132 -1 -1 -1 -1 
226 15 1277 321 1368 488 -1 -1 -1 -1 
226 18 911 44 953 150 -1 -1 -1 -1 
226 24 403 321 487 525 -1 -1 -1 -1 
226 25 1400 0 1456 110 -1 -1 -1 -1 
226 26 118 339 203 542 -1 -1 -1 -1 
227 4 1301 8 1344 134 -1 -1 -1 -1 
227 5 683 148 734 278 -1 -1 -1 -1 
227 6 1560 1016 1637 1079 -1 -1 -1 -1 
227 7 1462 792 1597 1071 -1 -1 -1 -1 
227 11 1238 8 1287 131 -1 -1 -1 -1 
227 15 1277 318 1368 486 -1 -1 -1 -1 
227 18 914 44 955 150 -1 -1 -1 -1 
227 24 405 318 490 524 -1 -1 -1 -1 
227 25 1400 0 1456 111 -1 -1 -1 -1 
227 26 120 332 206 541 -1 -1 -1 -1 
227 30 1188 0 1215 39 -1 -1 -1 -1 
228 4 1302 7 1346 133 -1 -1 -1 -1 
228 5 680 149 731 282 -1 -1 -1 -1 
228 6 1557 1020 1631 1079 -1 -1 -1 -1 
228 7 1466 790 1601 1075 -1 -1 -1 -1 
228 11 1241 9 1289 131 -1 -1 -1 -1 
228 15 1278 315 1369 484 -1 -1 -1 -1 
228 18 915 46 956 151 -1 -1 -1 -1 
228 24 408 315 492 520 -1 -1 -1 -1 
228 25 1400 0 1456 111 -1 -1 -1 -1 
228 26 124 331 209 540 -1 -1 -1 -1 
228 30 1187 0 1215 40 -1 -1 -1 -1 
229 4 1304 6 1348 133 -1 -1 -1 -1 
229 5 676 151 728 283 -1 -1 -1 -1 
229 6 1556 1024 1627 1079 -1 -1 -1 -1 
229 7 1469 787 1603 1075 -1 -1 -1 -1 
229 11 1242 10 1290 130 -1 -1 -1 -1 
229 15 1279 313 1370 482 -1 -1 -1 -1 
229 16 100 287 161 431 -1 -1 -1 -1 
229 18 916 46 957 150 -1 -1 -1 -1 
229 24 410 311 494 516 -1 -1 -1 -1 
229 25 1400 0 1455 111 -1 -1 -1 -1 
229 26 130 332 213 539 -1 -1 -1 -1 
229 30 1186 0 1215 41 -1 -1 -1 -1 
